Date,EGLL 2019,7day_rolling_EGLL 2019,30day_rolling_EGLL 2019
2019-01-01,1161,1161.0,1161.0
2019-01-02,1216,1188.5,1188.5
2019-01-03,1209,1195.3333333333333,1195.3333333333333
2019-01-04,1216,1200.5,1200.5
2019-01-05,1108,1182.0,1182.0
2019-01-06,1217,1187.8333333333333,1187.8333333333333
2019-01-07,1220,1192.4285714285713,1192.4285714285713
2019-01-08,1192,1196.857142857143,1192.375
2019-01-09,1055,1173.857142857143,1177.111111111111
2019-01-10,1014,1146.0,1160.8
2019-01-11,988,1113.4285714285713,1145.090909090909
2019-01-12,912,1085.4285714285713,1125.6666666666667
2019-01-13,815,1028.0,1101.7692307692307
2019-01-14,755,961.5714285714286,1077.0
2019-01-15,699,891.1428571428571,1051.8
2019-01-16,685,838.2857142857143,1028.875
2019-01-17,695,792.7142857142857,1009.2352941176471
2019-01-18,725,755.1428571428571,993.4444444444445
2019-01-19,695,724.1428571428571,977.7368421052631
2019-01-20,1001,750.7142857142857,978.9
2019-01-21,1198,814.0,989.3333333333334
2019-01-22,1120,874.1428571428571,995.2727272727273
2019-01-23,1159,941.8571428571429,1002.3913043478261
2019-01-24,1179,1011.0,1009.75
2019-01-25,1200,1078.857142857143,1017.36
2019-01-26,1082,1134.142857142857,1019.8461538461538
2019-01-27,1160,1156.857142857143,1025.037037037037
2019-01-28,1194,1156.2857142857142,1031.0714285714287
2019-01-29,1171,1163.5714285714287,1035.896551724138
2019-01-30,1174,1165.7142857142858,1040.5
2019-01-31,1109,1155.7142857142858,1038.7666666666667
2019-02-01,1124,1144.857142857143,1035.7
2019-02-02,1115,1149.5714285714287,1032.5666666666666
2019-02-03,1205,1156.0,1032.2
2019-02-04,1201,1157.0,1035.3
2019-02-05,1180,1158.2857142857142,1034.0666666666666
2019-02-06,1192,1160.857142857143,1033.1333333333334
2019-02-07,1205,1174.5714285714287,1033.5666666666666
2019-02-08,1225,1189.0,1039.2333333333333
2019-02-09,1147,1193.5714285714287,1043.6666666666667
2019-02-10,1219,1195.5714285714287,1051.3666666666666
2019-02-11,1233,1200.142857142857,1062.0666666666666
2019-02-12,1184,1200.7142857142858,1074.3666666666666
2019-02-13,1183,1199.4285714285713,1088.6333333333334
2019-02-14,1224,1202.142857142857,1106.1333333333334
2019-02-15,1247,1205.2857142857142,1124.8666666666666
2019-02-16,1169,1208.4285714285713,1140.6666666666667
2019-02-17,1238,1211.142857142857,1157.7666666666667
2019-02-18,1243,1212.5714285714287,1176.0333333333333
2019-02-19,1238,1220.2857142857142,1183.9333333333334
2019-02-20,1201,1222.857142857143,1184.0333333333333
2019-02-21,1250,1226.5714285714287,1188.3666666666666
2019-02-22,1238,1225.2857142857142,1191.0
2019-02-23,1163,1224.4285714285713,1190.4666666666667
2019-02-24,1267,1228.5714285714287,1192.7
2019-02-25,1233,1227.142857142857,1197.7333333333333
2019-02-26,1215,1223.857142857143,1199.5666666666666
2019-02-27,1209,1225.0,1200.0666666666666
2019-02-28,1210,1219.2857142857142,1201.3666666666666
2019-03-01,1247,1220.5714285714287,1203.8
2019-03-02,1152,1219.0,1205.2333333333333
2019-03-03,1237,1214.7142857142858,1209.0
2019-03-04,1261,1218.7142857142858,1213.8666666666666
2019-03-05,1250,1223.7142857142858,1215.3666666666666
2019-03-06,1233,1227.142857142857,1216.4333333333334
2019-03-07,1254,1233.4285714285713,1218.9
2019-03-08,1273,1237.142857142857,1221.6
2019-03-09,1162,1238.5714285714287,1220.1666666666667
2019-03-10,1222,1236.4285714285713,1220.0666666666666
2019-03-11,1248,1234.5714285714287,1223.4333333333334
2019-03-12,1223,1230.7142857142858,1223.5666666666666
2019-03-13,1228,1230.0,1223.4
2019-03-14,1244,1228.5714285714287,1225.4
2019-03-15,1260,1226.7142857142858,1227.9666666666667
2019-03-16,1154,1225.5714285714287,1225.6333333333334
2019-03-17,1222,1225.5714285714287,1224.8
2019-03-18,1271,1228.857142857143,1228.2
2019-03-19,1228,1229.5714285714287,1227.8666666666666
2019-03-20,1232,1230.142857142857,1227.5
2019-03-21,1238,1229.2857142857142,1227.5
2019-03-22,1284,1232.7142857142858,1230.2666666666667
2019-03-23,1165,1234.2857142857142,1227.4333333333334
2019-03-24,1235,1236.142857142857,1227.3333333333333
2019-03-25,1213,1227.857142857143,1229.0
2019-03-26,1225,1227.4285714285713,1227.6
2019-03-27,1245,1229.2857142857142,1228.0
2019-03-28,1260,1232.4285714285713,1229.5
2019-03-29,1259,1228.857142857143,1231.1666666666667
2019-03-30,1156,1227.5714285714287,1229.3666666666666
2019-03-31,1267,1232.142857142857,1230.0333333333333
2019-04-01,1303,1245.0,1235.0666666666666
2019-04-02,1293,1254.7142857142858,1236.9333333333334
2019-04-03,1291,1261.2857142857142,1237.9333333333334
2019-04-04,1302,1267.2857142857142,1239.6666666666667
2019-04-05,1299,1273.0,1241.8666666666666
2019-04-06,1233,1284.0,1241.1666666666667
2019-04-07,1296,1288.142857142857,1241.9333333333334
2019-04-08,1318,1290.2857142857142,1247.1333333333334
2019-04-09,1284,1289.0,1249.2
2019-04-10,1308,1291.4285714285713,1251.2
2019-04-11,1301,1291.2857142857142,1253.8
2019-04-12,1305,1292.142857142857,1256.3666666666666
2019-04-13,1235,1292.4285714285713,1256.0666666666666
2019-04-14,1284,1290.7142857142858,1256.8666666666666
2019-04-15,1289,1286.5714285714287,1261.3666666666666
2019-04-16,1280,1286.0,1263.3
2019-04-17,1283,1282.4285714285713,1263.7
2019-04-18,1301,1282.4285714285713,1266.1333333333334
2019-04-19,1266,1276.857142857143,1267.2666666666667
2019-04-20,1225,1275.4285714285713,1266.8333333333333
2019-04-21,1266,1272.857142857143,1266.2333333333333
2019-04-22,1292,1273.2857142857142,1270.4666666666667
2019-04-23,1282,1273.5714285714287,1272.0333333333333
2019-04-24,1262,1270.5714285714287,1273.6666666666667
2019-04-25,1283,1268.0,1275.6
2019-04-26,1275,1269.2857142857142,1276.6
2019-04-27,1216,1268.0,1275.1333333333334
2019-04-28,1271,1268.7142857142858,1275.5333333333333
2019-04-29,1280,1267.0,1279.6666666666667
2019-04-30,1277,1266.2857142857142,1280.0
2019-05-01,1268,1267.142857142857,1278.8333333333333
2019-05-02,1297,1269.142857142857,1278.9666666666667
2019-05-03,1293,1271.7142857142858,1279.0333333333333
2019-05-04,1149,1262.142857142857,1273.9333333333334
2019-05-05,1253,1259.5714285714287,1272.4
2019-05-06,1299,1262.2857142857142,1274.6
2019-05-07,1262,1260.142857142857,1273.4666666666667
2019-05-08,1238,1255.857142857143,1270.8
2019-05-09,1258,1250.2857142857142,1269.9333333333334
2019-05-10,1279,1248.2857142857142,1268.9666666666667
2019-05-11,1206,1256.4285714285713,1265.8
2019-05-12,1267,1258.4285714285713,1264.5333333333333
2019-05-13,1284,1256.2857142857142,1266.1666666666667
2019-05-14,1277,1258.4285714285713,1265.9333333333334
2019-05-15,1279,1264.2857142857142,1265.6
2019-05-16,1301,1270.4285714285713,1266.3
2019-05-17,1278,1270.2857142857142,1266.1333333333334
2019-05-18,1234,1274.2857142857142,1263.9
2019-05-19,1260,1273.2857142857142,1263.7
2019-05-20,1284,1273.2857142857142,1265.6666666666667
2019-05-21,1251,1269.5714285714287,1265.1666666666667
2019-05-22,1281,1269.857142857143,1264.8
2019-05-23,1295,1269.0,1265.2333333333333
2019-05-24,1303,1272.5714285714287,1266.6
2019-05-25,1240,1273.4285714285713,1265.1666666666667
2019-05-26,1284,1276.857142857143,1265.4666666666667
2019-05-27,1304,1279.7142857142858,1268.4
2019-05-28,1284,1284.4285714285713,1268.8333333333333
2019-05-29,1282,1284.5714285714287,1268.9
2019-05-30,1292,1284.142857142857,1269.4
2019-05-31,1256,1277.4285714285713,1269.0
2019-06-01,1207,1272.7142857142858,1266.0
2019-06-02,1296,1274.4285714285713,1266.1
2019-06-03,1303,1274.2857142857142,1271.2333333333333
2019-06-04,1292,1275.4285714285713,1272.5333333333333
2019-06-05,1318,1280.5714285714287,1273.1666666666667
2019-06-06,1310,1283.142857142857,1274.7666666666667
2019-06-07,1238,1280.5714285714287,1274.7666666666667
2019-06-08,1154,1273.0,1271.3
2019-06-09,1281,1270.857142857143,1271.3666666666666
2019-06-10,1304,1271.0,1274.6333333333334
2019-06-11,1286,1270.142857142857,1275.2666666666667
2019-06-12,1302,1267.857142857143,1275.8666666666666
2019-06-13,1277,1263.142857142857,1275.8666666666666
2019-06-14,1296,1271.4285714285713,1276.4333333333334
2019-06-15,1168,1273.4285714285713,1272.0
2019-06-16,1274,1272.4285714285713,1271.8666666666666
2019-06-17,1258,1265.857142857143,1272.6666666666667
2019-06-18,1293,1266.857142857143,1273.7666666666667
2019-06-19,1298,1266.2857142857142,1274.2333333333333
2019-06-20,1298,1269.2857142857142,1275.8
2019-06-21,1308,1271.0,1276.7
2019-06-22,1231,1280.0,1274.5666666666666
2019-06-23,1292,1282.5714285714287,1274.2
2019-06-24,1318,1291.142857142857,1276.8
2019-06-25,1312,1293.857142857143,1277.7333333333333
2019-06-26,1265,1289.142857142857,1276.4333333333334
2019-06-27,1225,1278.7142857142858,1274.4666666666667
2019-06-28,1327,1281.4285714285713,1275.9666666666667
2019-06-29,1260,1285.5714285714287,1274.9
2019-06-30,1293,1285.7142857142858,1276.1333333333334
2019-07-01,1313,1285.0,1279.6666666666667
2019-07-02,1318,1285.857142857143,1280.4
2019-07-03,1312,1292.5714285714287,1280.7
2019-07-04,1322,1306.4285714285713,1281.7
2019-07-05,1310,1304.0,1281.4333333333334
2019-07-06,1237,1300.7142857142858,1279.0
2019-07-07,1296,1301.142857142857,1280.9333333333334
2019-07-08,1330,1303.5714285714287,1286.8
2019-07-09,1321,1304.0,1288.1333333333334
2019-07-10,1302,1302.5714285714287,1288.0666666666666
2019-07-11,1313,1301.2857142857142,1288.9666666666667
2019-07-12,1319,1302.5714285714287,1289.5333333333333
2019-07-13,1247,1304.0,1288.5333333333333
2019-07-14,1309,1305.857142857143,1288.9666666666667
2019-07-15,1323,1304.857142857143,1294.1333333333334
2019-07-16,1322,1305.0,1295.7333333333333
2019-07-17,1209,1291.7142857142858,1294.1
2019-07-18,1297,1289.4285714285713,1294.2333333333333
2019-07-19,1315,1288.857142857143,1294.8
2019-07-20,1246,1288.7142857142858,1293.0666666666666
2019-07-21,1285,1285.2857142857142,1292.3
2019-07-22,1309,1283.2857142857142,1294.9
2019-07-23,1313,1282.0,1295.6
2019-07-24,1301,1295.142857142857,1295.0333333333333
2019-07-25,1217,1283.7142857142858,1291.8666666666666
2019-07-26,1222,1270.4285714285713,1290.4333333333334
2019-07-27,1204,1264.4285714285713,1289.7333333333333
2019-07-28,1274,1262.857142857143,1287.9666666666667
2019-07-29,1298,1261.2857142857142,1289.2333333333333
2019-07-30,1290,1258.0,1289.1333333333334
2019-07-31,1308,1259.0,1288.9666666666667
2019-08-01,1307,1271.857142857143,1288.6
2019-08-02,1313,1284.857142857143,1288.6333333333334
2019-08-03,1165,1279.2857142857142,1283.4
2019-08-04,1285,1280.857142857143,1282.5666666666666
2019-08-05,1283,1278.7142857142858,1284.1
2019-08-06,1281,1277.4285714285713,1283.6
2019-08-07,1130,1252.0,1276.9333333333334
2019-08-08,1307,1252.0,1276.4666666666667
2019-08-09,1276,1246.7142857142858,1275.6
2019-08-10,1247,1258.4285714285713,1273.4
2019-08-11,1305,1261.2857142857142,1272.9333333333334
2019-08-12,1289,1262.142857142857,1274.3333333333333
2019-08-13,1237,1255.857142857143,1271.9333333333334
2019-08-14,1295,1279.4285714285713,1271.0
2019-08-15,1321,1281.4285714285713,1270.9666666666667
2019-08-16,1331,1289.2857142857142,1275.0333333333333
2019-08-17,1252,1290.0,1273.5333333333333
2019-08-18,1203,1275.4285714285713,1269.8
2019-08-19,1287,1275.142857142857,1271.1666666666667
2019-08-20,1162,1264.4285714285713,1267.0666666666666
2019-08-21,1302,1265.4285714285713,1266.8333333333333
2019-08-22,1316,1264.7142857142858,1266.9333333333334
2019-08-23,1320,1263.142857142857,1267.5666666666666
2019-08-24,1248,1262.5714285714287,1268.6
2019-08-25,1256,1270.142857142857,1269.7333333333333
2019-08-26,1315,1274.142857142857,1273.4333333333334
2019-08-27,1320,1296.7142857142858,1274.9666666666667
2019-08-28,1206,1283.0,1271.9
2019-08-29,1313,1282.5714285714287,1272.6666666666667
2019-08-30,1322,1282.857142857143,1273.1333333333334
2019-08-31,1250,1283.142857142857,1271.2333333333333
2019-09-01,1270,1285.142857142857,1269.8
2019-09-02,1337,1288.2857142857142,1275.5333333333333
2019-09-03,1307,1286.4285714285713,1276.2666666666667
2019-09-04,1276,1296.4285714285713,1276.0333333333333
2019-09-05,1323,1297.857142857143,1277.4333333333334
2019-09-06,1318,1297.2857142857142,1283.7
2019-09-07,1248,1297.0,1281.7333333333333
2019-09-08,1285,1299.142857142857,1282.0333333333333
2019-09-09,701,1208.2857142857142,1263.8333333333333
2019-09-10,631,1111.7142857142858,1241.3666666666666
2019-09-11,1189,1099.2857142857142,1238.0333333333333
2019-09-12,1318,1098.5714285714287,1240.7333333333333
2019-09-13,1332,1100.5714285714287,1241.9666666666667
2019-09-14,1243,1099.857142857143,1239.3666666666666
2019-09-15,1285,1099.857142857143,1237.8333333333333
2019-09-16,1315,1187.5714285714287,1239.9333333333334
2019-09-17,1322,1286.2857142857142,1243.9
2019-09-18,1298,1301.857142857143,1244.2666666666667
2019-09-19,1332,1303.857142857143,1249.9333333333334
2019-09-20,1323,1302.5714285714287,1250.6333333333334
2019-09-21,349,1174.857142857143,1218.4
2019-09-23,1215,1164.857142857143,1214.9
2019-09-24,1244,1154.7142857142858,1214.7666666666667
2019-09-25,1312,1153.2857142857142,1216.6333333333334
2019-09-26,1316,1155.857142857143,1216.6666666666667
2019-09-27,1013,1110.2857142857142,1206.4333333333334
2019-09-28,1233,1097.4285714285713,1207.3333333333333
2019-09-29,1263,1228.0,1205.6666666666667
2019-09-30,1312,1241.857142857143,1205.3333333333333
2019-10-01,1192,1234.4285714285713,1203.4
2019-10-02,1295,1232.0,1204.2333333333333
2019-10-03,1294,1228.857142857143,1202.8
2019-10-04,1311,1271.4285714285713,1202.9333333333334
2019-10-05,1236,1271.857142857143,1201.6
2019-10-06,1293,1276.142857142857,1200.6
2019-10-07,1316,1276.7142857142858,1200.5333333333333
2019-10-08,1286,1290.142857142857,1201.8
2019-10-09,1289,1289.2857142857142,1201.9333333333334
2019-10-10,1289,1288.5714285714287,1221.5333333333333
2019-10-11,1215,1274.857142857143,1241.0
2019-10-12,1230,1274.0,1242.3666666666666
2019-10-13,1280,1272.142857142857,1241.1
2019-10-14,1310,1271.2857142857142,1240.3666666666666
2019-10-15,1290,1271.857142857143,1241.9333333333334
2019-10-16,1280,1270.5714285714287,1241.7666666666667
2019-10-17,1289,1270.5714285714287,1240.9
2019-10-18,1307,1283.7142857142858,1240.4
2019-10-19,1263,1288.4285714285713,1239.2333333333333
2019-10-20,1276,1287.857142857143,1237.3666666666666
2019-10-21,1302,1286.7142857142858,1236.6666666666667
2019-10-22,1262,1282.7142857142858,1267.1
2019-10-23,1279,1282.5714285714287,1269.2333333333333
2019-10-24,1288,1282.4285714285713,1270.7
2019-10-25,1285,1279.2857142857142,1269.8
2019-10-26,1256,1278.2857142857142,1267.8
2019-10-27,1244,1273.7142857142858,1275.5
2019-10-28,1278,1270.2857142857142,1277.0
2019-10-29,1249,1268.4285714285713,1276.5333333333333
2019-10-30,1256,1265.142857142857,1274.6666666666667
2019-10-31,1235,1257.5714285714287,1276.1
2019-11-01,1241,1251.2857142857142,1274.3
2019-11-02,1147,1235.7142857142858,1269.4
2019-11-03,1239,1235.0,1267.0
2019-11-04,1261,1232.5714285714287,1267.8333333333333
2019-11-05,1252,1233.0,1266.4666666666667
2019-11-06,1247,1231.7142857142858,1264.1666666666667
2019-11-07,1243,1232.857142857143,1262.7333333333333
2019-11-08,1238,1232.4285714285713,1261.0333333333333
2019-11-09,1124,1229.142857142857,1255.5333333333333
2019-11-10,1245,1230.0,1256.5333333333333
2019-11-11,1243,1227.4285714285713,1256.9666666666667
2019-11-12,1245,1226.4285714285713,1255.8
2019-11-13,1238,1225.142857142857,1253.4
2019-11-14,1242,1225.0,1251.8
2019-11-15,1257,1227.7142857142858,1251.0333333333333
2019-11-16,1127,1228.142857142857,1245.6333333333334
2019-11-17,1234,1226.5714285714287,1243.2
2019-11-18,1224,1223.857142857143,1241.9
2019-11-19,1189,1215.857142857143,1239.0
2019-11-20,1220,1213.2857142857142,1236.2666666666667
2019-11-21,1221,1210.2857142857142,1234.9
2019-11-22,1236,1207.2857142857142,1233.4666666666667
2019-11-23,1097,1203.0,1227.1
2019-11-24,1239,1203.7142857142858,1225.5666666666666
2019-11-25,1200,1200.2857142857142,1223.7
2019-11-26,1205,1202.5714285714287,1222.4
2019-11-27,1205,1200.4285714285713,1219.9666666666667
2019-11-28,1205,1198.142857142857,1218.5
2019-11-29,1185,1190.857142857143,1216.1333333333334
2019-11-30,1069,1186.857142857143,1210.6
2019-12-01,1189,1179.7142857142858,1208.8666666666666
2019-12-02,1148,1172.2857142857142,1208.9
2019-12-03,1214,1173.5714285714287,1208.0666666666666
2019-12-04,1241,1178.7142857142858,1207.4
2019-12-05,1225,1181.5714285714287,1206.5
2019-12-06,1223,1187.0,1205.7
2019-12-07,1129,1195.5714285714287,1201.9
2019-12-08,1217,1199.5714285714287,1201.2
2019-12-09,1248,1213.857142857143,1205.3333333333333
2019-12-10,1209,1213.142857142857,1204.1333333333334
2019-12-11,1248,1214.142857142857,1204.3
2019-12-12,1255,1218.4285714285713,1204.6333333333334
2019-12-13,1234,1220.0,1204.5
2019-12-15,1144,1222.142857142857,1201.2333333333333
2019-12-16,1260,1228.2857142857142,1201.3333333333333
2019-12-17,1176,1218.0,1202.9666666666667
2019-12-18,1140,1208.142857142857,1199.8333333333333
2019-12-19,1252,1208.7142857142858,1200.7666666666667
2019-12-20,1280,1212.2857142857142,1203.8
2019-12-21,1145,1199.5714285714287,1201.3
2019-12-22,1125,1196.857142857143,1198.1
2019-12-23,1204,1188.857142857143,1197.0333333333333
2019-12-24,999,1163.5714285714287,1193.7666666666667
2019-12-25,632,1091.0,1173.5333333333333
2019-12-26,1064,1064.142857142857,1169.0
2019-12-27,1180,1049.857142857143,1168.1666666666667
2019-12-28,1034,1034.0,1162.4666666666667
2019-12-29,1202,1045.0,1162.3666666666666
2019-12-30,1142,1036.142857142857,1160.9333333333334
2019-12-31,1069,1046.142857142857,1160.9333333333334
