Date,EGLL 2020,7day_rolling_EGLL 2020,30day_rolling_EGLL 2020
2020-01-01,1108,1108.0,1108.0
2020-01-02,1160,1134.0,1134.0
2020-01-03,1086,1118.0,1118.0
2020-01-04,1125,1119.75,1119.75
2020-01-05,1216,1139.0,1139.0
2020-01-06,1210,1150.8333333333333,1150.8333333333333
2020-01-07,1170,1153.5714285714287,1153.5714285714287
2020-01-08,1088,1150.7142857142858,1145.375
2020-01-09,1165,1151.4285714285713,1147.5555555555557
2020-01-10,1179,1164.7142857142858,1150.7
2020-01-11,1061,1155.5714285714287,1142.5454545454545
2020-01-12,1135,1144.0,1141.9166666666667
2020-01-13,1069,1123.857142857143,1136.3076923076924
2020-01-14,1128,1117.857142857143,1135.7142857142858
2020-01-15,1161,1128.2857142857142,1137.4
2020-01-16,1163,1128.0,1139.0
2020-01-17,1215,1133.142857142857,1143.4705882352941
2020-01-18,1001,1124.5714285714287,1135.5555555555557
2020-01-19,1134,1124.4285714285713,1135.4736842105262
2020-01-20,1085,1126.7142857142858,1132.95
2020-01-21,1117,1125.142857142857,1132.1904761904761
2020-01-22,1070,1112.142857142857,1129.3636363636363
2020-01-23,1167,1112.7142857142858,1131.0
2020-01-24,1208,1111.7142857142858,1134.2083333333333
2020-01-25,1007,1112.5714285714287,1129.12
2020-01-26,1062,1102.2857142857142,1126.5384615384614
2020-01-27,1196,1118.142857142857,1129.111111111111
2020-01-28,1138,1121.142857142857,1129.4285714285713
2020-01-29,1153,1133.0,1130.2413793103449
2020-01-30,1124,1126.857142857143,1130.0333333333333
2020-01-31,1103,1111.857142857143,1129.8666666666666
2020-02-01,1110,1126.5714285714287,1128.2
2020-02-02,1187,1144.4285714285713,1131.5666666666666
2020-02-03,1208,1146.142857142857,1134.3333333333333
2020-02-04,1192,1153.857142857143,1133.5333333333333
2020-02-05,1157,1154.4285714285713,1131.7666666666667
2020-02-06,1136,1156.142857142857,1130.6333333333334
2020-02-07,1239,1175.5714285714287,1135.6666666666667
2020-02-08,1103,1174.5714285714287,1133.6
2020-02-09,780,1116.4285714285713,1120.3
2020-02-10,1151,1108.2857142857142,1123.3
2020-02-11,1166,1104.5714285714287,1124.3333333333333
2020-02-12,1226,1114.4285714285713,1129.5666666666666
2020-02-13,1236,1128.7142857142858,1133.1666666666667
2020-02-14,1243,1129.2857142857142,1135.9
2020-02-15,980,1111.7142857142858,1129.8
2020-02-16,1088,1155.7142857142858,1125.5666666666666
2020-02-17,1172,1158.7142857142858,1131.2666666666667
2020-02-18,1206,1164.4285714285713,1133.6666666666667
2020-02-19,1212,1162.4285714285713,1137.9
2020-02-20,1224,1160.7142857142858,1141.4666666666667
2020-02-21,1267,1164.142857142857,1148.0333333333333
2020-02-22,1143,1187.4285714285713,1147.2333333333333
2020-02-23,1237,1208.7142857142858,1148.2
2020-02-24,1238,1218.142857142857,1155.9
2020-02-25,1227,1221.142857142857,1161.4
2020-02-26,1233,1224.142857142857,1162.6333333333334
2020-02-27,1205,1221.4285714285713,1164.8666666666666
2020-02-28,1234,1216.7142857142858,1167.5666666666666
2020-02-29,1144,1216.857142857143,1168.2333333333333
2020-03-01,1243,1217.7142857142858,1172.9
2020-03-02,1201,1212.4285714285713,1175.9333333333334
2020-03-03,1198,1208.2857142857142,1176.3
2020-03-04,1222,1206.7142857142858,1176.7666666666667
2020-03-05,1210,1207.4285714285713,1177.3666666666666
2020-03-06,1216,1204.857142857143,1179.3333333333333
2020-03-07,1080,1195.7142857142858,1177.4666666666667
2020-03-08,1187,1187.7142857142858,1175.7333333333333
2020-03-09,1168,1183.0,1177.9
2020-03-10,1127,1172.857142857143,1189.4666666666667
2020-03-11,1087,1153.5714285714287,1187.3333333333333
2020-03-12,1139,1143.4285714285713,1186.4333333333334
2020-03-13,1147,1133.5714285714287,1183.8
2020-03-14,1029,1126.2857142857142,1176.9
2020-03-15,1109,1115.142857142857,1172.4333333333334
2020-03-16,992,1090.0,1172.8333333333333
2020-03-17,830,1047.5714285714287,1164.2333333333333
2020-03-18,687,990.4285714285714,1148.0666666666666
2020-03-19,701,927.8571428571429,1131.2333333333333
2020-03-20,630,854.0,1111.8333333333333
2020-03-21,542,784.4285714285714,1089.1
2020-03-22,528,701.4285714285714,1064.4666666666667
2020-03-23,442,622.8571428571429,1041.1
2020-03-24,379,558.4285714285714,1012.5
2020-03-25,346,509.7142857142857,982.7666666666667
2020-03-26,373,462.85714285714283,954.3
2020-03-27,374,426.2857142857143,925.6666666666666
2020-03-28,334,396.57142857142856,896.6333333333333
2020-03-29,327,367.85714285714283,866.4
2020-03-30,248,340.14285714285717,836.5333333333333
2020-03-31,237,319.85714285714283,803.0
2020-04-01,190,297.57142857142856,769.3
2020-04-02,196,272.2857142857143,735.9
2020-04-03,202,247.71428571428572,701.9
2020-04-04,197,228.14285714285714,668.1333333333333
2020-04-05,203,210.42857142857142,634.3666666666667
2020-04-06,145,195.71428571428572,603.2
2020-04-07,138,181.57142857142858,568.2333333333333
2020-04-08,160,177.28571428571428,534.6333333333333
2020-04-09,173,174.0,502.8333333333333
2020-04-10,157,167.57142857142858,471.8333333333333
2020-04-11,146,160.28571428571428,438.73333333333335
2020-04-12,149,152.57142857142858,405.46666666666664
2020-04-13,154,153.85714285714286,376.3
2020-04-14,124,151.85714285714286,343.46666666666664
2020-04-15,151,150.57142857142858,315.43333333333334
2020-04-16,159,148.57142857142858,293.06666666666666
2020-04-17,159,148.85714285714286,275.46666666666664
2020-04-18,144,148.57142857142858,256.9
2020-04-19,167,151.14285714285714,241.46666666666667
2020-04-20,163,152.42857142857142,228.83333333333334
2020-04-21,138,154.42857142857142,215.83333333333334
2020-04-22,158,155.42857142857142,206.36666666666667
2020-04-23,175,157.71428571428572,199.56666666666666
2020-04-24,162,158.14285714285714,193.43333333333334
2020-04-25,152,159.28571428571428,186.06666666666666
2020-04-26,176,160.57142857142858,179.46666666666667
2020-04-27,165,160.85714285714286,173.83333333333334
2020-04-28,165,164.71428571428572,168.43333333333334
2020-04-29,191,169.42857142857142,166.53333333333333
2020-04-30,188,171.28571428571428,164.9
2020-05-01,186,174.71428571428572,164.76666666666668
2020-05-02,181,178.85714285714286,164.26666666666668
2020-05-03,202,182.57142857142858,164.26666666666668
2020-05-04,186,185.57142857142858,163.9
2020-05-05,176,187.14285714285714,163.0
2020-05-06,197,188.0,164.73333333333332
2020-05-07,217,192.14285714285714,167.36666666666667
2020-05-08,204,194.71428571428572,168.83333333333334
2020-05-09,197,197.0,169.63333333333333
2020-05-10,214,198.71428571428572,171.53333333333333
2020-05-11,212,202.42857142857142,173.73333333333332
2020-05-12,174,202.14285714285714,174.56666666666666
2020-05-13,201,202.71428571428572,176.13333333333333
2020-05-14,220,203.14285714285714,179.33333333333334
2020-05-15,204,203.14285714285714,181.1
2020-05-16,200,203.57142857142858,182.46666666666667
2020-05-17,217,204.0,184.4
2020-05-18,215,204.42857142857142,186.76666666666668
2020-05-19,184,205.85714285714286,187.33333333333334
2020-05-20,217,208.14285714285714,189.13333333333333
2020-05-21,234,210.14285714285714,192.33333333333334
2020-05-22,213,211.42857142857142,194.16666666666666
2020-05-23,234,216.28571428571428,196.13333333333333
2020-05-24,234,218.71428571428572,198.53333333333333
2020-05-25,213,218.42857142857142,200.56666666666666
2020-05-26,184,218.42857142857142,200.83333333333334
2020-05-27,218,218.57142857142858,202.6
2020-05-28,221,216.71428571428572,204.46666666666667
2020-05-29,215,217.0,205.26666666666668
2020-05-30,213,214.0,206.1
2020-05-31,223,212.42857142857142,207.33333333333334
2020-06-01,226,214.28571428571428,208.83333333333334
2020-06-02,199,216.42857142857142,208.73333333333332
2020-06-03,218,216.42857142857142,209.8
2020-06-04,252,220.85714285714286,212.33333333333334
2020-06-05,237,224.0,213.66666666666666
2020-06-06,244,228.42857142857142,214.56666666666666
2020-06-07,259,233.57142857142858,216.4
2020-06-08,247,236.57142857142858,218.06666666666666
2020-06-09,198,236.42857142857142,217.53333333333333
2020-06-10,221,236.85714285714286,217.83333333333334
2020-06-11,235,234.42857142857142,219.86666666666667
2020-06-12,235,234.14285714285714,221.0
2020-06-13,225,231.42857142857142,221.16666666666666
2020-06-14,243,229.14285714285714,222.46666666666667
2020-06-15,245,228.85714285714286,223.96666666666667
2020-06-16,193,228.14285714285714,223.16666666666666
2020-06-17,228,229.14285714285714,223.6
2020-06-18,251,231.42857142857142,225.83333333333334
2020-06-19,238,231.85714285714286,226.53333333333333
2020-06-20,239,233.85714285714286,226.7
2020-06-21,263,236.71428571428572,228.36666666666667
2020-06-22,257,238.42857142857142,229.13333333333333
2020-06-23,208,240.57142857142858,228.26666666666668
2020-06-24,238,242.0,229.1
2020-06-25,252,242.14285714285714,231.36666666666667
2020-06-26,247,243.42857142857142,232.33333333333334
2020-06-27,234,242.71428571428572,232.76666666666668
2020-06-28,262,242.57142857142858,234.33333333333334
2020-06-29,247,241.14285714285714,235.46666666666667
2020-06-30,208,241.14285714285714,234.96666666666667
2020-07-01,322,253.14285714285714,238.16666666666666
2020-07-02,322,263.14285714285717,242.26666666666668
2020-07-03,335,275.7142857142857,246.16666666666666
2020-07-04,315,287.2857142857143,248.26666666666668
2020-07-05,326,296.42857142857144,251.23333333333332
2020-07-06,273,300.14285714285717,252.2
2020-07-07,275,309.7142857142857,252.73333333333332
2020-07-08,326,310.2857142857143,255.36666666666667
2020-07-09,351,314.42857142857144,260.46666666666664
2020-07-10,354,317.14285714285717,264.9
2020-07-11,340,320.7142857142857,268.4
2020-07-12,374,327.57142857142856,273.03333333333336
2020-07-13,341,337.2857142857143,276.9
2020-07-14,296,340.2857142857143,278.6666666666667
2020-07-15,343,342.7142857142857,281.93333333333334
2020-07-16,429,353.85714285714283,289.8
2020-07-17,442,366.42857142857144,296.93333333333334
2020-07-18,446,381.57142857142856,303.43333333333334
2020-07-19,429,389.42857142857144,309.8
2020-07-20,425,401.42857142857144,316.0
2020-07-21,364,411.14285714285717,319.3666666666667
2020-07-22,395,418.57142857142856,323.96666666666664
2020-07-23,419,417.14285714285717,331.0
2020-07-24,448,418.0,338.0
2020-07-25,450,418.57142857142856,344.6
2020-07-26,483,426.2857142857143,352.46666666666664
2020-07-27,413,424.57142857142856,358.43333333333334
2020-07-28,355,423.2857142857143,361.53333333333336
2020-07-29,382,421.42857142857144,366.03333333333336
2020-07-30,396,418.14285714285717,372.3
2020-07-31,442,417.2857142857143,376.3
2020-08-01,540,430.14285714285717,383.56666666666666
2020-08-02,562,441.42857142857144,391.1333333333333
2020-08-03,512,455.57142857142856,397.7
2020-08-04,402,462.2857142857143,400.23333333333335
2020-08-05,441,470.7142857142857,405.8333333333333
2020-08-06,501,485.7142857142857,413.3666666666667
2020-08-07,523,497.2857142857143,419.93333333333334
2020-08-08,526,495.2857142857143,425.76666666666665
2020-08-09,546,493.0,432.1666666666667
2020-08-10,505,492.0,437.6666666666667
2020-08-11,388,490.0,438.1333333333333
2020-08-12,395,483.42857142857144,439.93333333333334
2020-08-13,447,475.7142857142857,444.96666666666664
2020-08-14,526,476.14285714285717,451.06666666666666
2020-08-15,480,469.57142857142856,452.76666666666665
2020-08-16,527,466.85714285714283,455.6
2020-08-17,483,463.7142857142857,456.8333333333333
2020-08-18,387,463.57142857142856,455.43333333333334
2020-08-19,404,464.85714285714283,454.73333333333335
2020-08-20,459,466.57142857142856,457.9
2020-08-21,513,464.7142857142857,461.8333333333333
2020-08-22,510,469.0,464.8666666666667
2020-08-23,517,467.57142857142856,467.1666666666667
2020-08-24,496,469.42857142857144,468.7
2020-08-25,386,469.2857142857143,465.46666666666664
2020-08-26,398,468.42857142857144,464.96666666666664
2020-08-27,479,471.2857142857143,469.1
2020-08-28,538,474.85714285714283,474.3
2020-08-29,533,478.14285714285717,478.8666666666667
2020-08-30,540,481.42857142857144,482.1333333333333
2020-08-31,525,485.57142857142856,481.6333333333333
2020-09-01,452,495.0,477.96666666666664
2020-09-02,445,501.7142857142857,475.73333333333335
2020-09-03,464,499.57142857142856,477.8
2020-09-04,515,496.2857142857143,480.26666666666665
2020-09-05,531,496.0,481.26666666666665
2020-09-06,534,495.14285714285717,481.6333333333333
2020-09-07,472,487.57142857142856,479.8333333333333
2020-09-08,386,478.14285714285717,474.5
2020-09-09,416,474.0,471.53333333333336
2020-09-10,472,475.14285714285717,474.3333333333333
2020-09-11,519,475.7142857142857,478.46666666666664
2020-09-12,528,475.2857142857143,481.1666666666667
2020-09-13,531,474.85714285714283,481.3333333333333
2020-09-14,484,476.57142857142856,481.46666666666664
2020-09-15,392,477.42857142857144,476.96666666666664
2020-09-16,414,477.14285714285717,474.6666666666667
2020-09-17,452,474.2857142857143,476.8333333333333
2020-09-18,510,473.0,480.3666666666667
2020-09-19,517,471.42857142857144,482.3
2020-09-20,540,472.7142857142857,483.2
2020-09-21,493,474.0,482.6333333333333
2020-09-22,400,475.14285714285717,478.73333333333335
2020-09-23,419,475.85714285714283,476.1666666666667
2020-09-24,486,480.7142857142857,479.5
2020-09-25,533,484.0,484.0
2020-09-26,534,486.42857142857144,485.8333333333333
2020-09-27,526,484.42857142857144,485.43333333333334
2020-09-28,500,485.42857142857144,484.3333333333333
2020-09-29,384,483.14285714285717,479.1333333333333
2020-09-30,411,482.0,475.3333333333333
2020-10-01,543,490.14285714285717,478.3666666666667
2020-10-02,610,501.14285714285717,483.8666666666667
2020-10-03,602,510.85714285714283,488.46666666666664
2020-10-04,631,525.8571428571429,492.3333333333333
2020-10-05,572,536.1428571428571,493.7
2020-10-06,487,550.8571428571429,492.1333333333333
2020-10-07,523,566.8571428571429,493.8333333333333
2020-10-08,556,568.7142857142857,499.5
2020-10-09,619,570.0,506.26666666666665
2020-10-10,584,567.4285714285714,510.0
2020-10-11,631,567.4285714285714,513.7333333333333
2020-10-12,587,569.5714285714286,515.7
2020-10-13,473,567.5714285714286,513.7666666666667
2020-10-14,504,564.8571428571429,514.4333333333333
2020-10-15,556,564.8571428571429,519.9
2020-10-16,622,565.2857142857143,526.8333333333334
2020-10-17,608,568.7142857142857,532.0333333333333
2020-10-18,601,564.4285714285714,535.0666666666667
2020-10-19,560,560.5714285714286,536.5
2020-10-20,438,555.5714285714286,533.1
2020-10-21,481,552.2857142857143,532.7
2020-10-22,538,549.7142857142857,537.3
2020-10-23,594,545.7142857142857,543.1333333333333
2020-10-24,614,546.5714285714286,547.4
2020-10-25,659,554.8571428571429,551.6
2020-10-26,642,566.5714285714286,555.2
2020-10-27,515,577.5714285714286,554.8333333333334
2020-10-28,540,586.0,556.1666666666666
2020-10-29,575,591.2857142857143,562.5333333333333
2020-10-30,647,598.8571428571429,570.4
2020-10-31,625,600.4285714285714,573.1333333333333
