Date,EHAM 2020,7day_rolling_EHAM 2020,30day_rolling_EHAM 2020
2020-01-01,864,864.0,864.0
2020-01-02,938,901.0,901.0
2020-01-03,1028,943.3333333333334,943.3333333333334
2020-01-04,919,937.25,937.25
2020-01-05,1019,953.6,953.6
2020-01-06,997,960.8333333333334,960.8333333333334
2020-01-07,855,945.7142857142857,945.7142857142857
2020-01-08,866,946.0,935.75
2020-01-09,973,951.0,939.8888888888889
2020-01-10,1058,955.2857142857143,951.7
2020-01-11,800,938.2857142857143,937.9090909090909
2020-01-12,934,926.1428571428571,937.5833333333334
2020-01-13,957,920.4285714285714,939.0769230769231
2020-01-14,839,918.1428571428571,931.9285714285714
2020-01-15,888,921.2857142857143,929.0
2020-01-16,958,919.1428571428571,930.8125
2020-01-17,1002,911.1428571428571,935.0
2020-01-18,811,912.7142857142857,928.1111111111111
2020-01-19,1029,926.2857142857143,933.421052631579
2020-01-20,953,925.7142857142857,934.4
2020-01-21,822,923.2857142857143,929.047619047619
2020-01-22,865,920.0,926.1363636363636
2020-01-23,992,924.8571428571429,929.0
2020-01-24,946,916.8571428571429,929.7083333333334
2020-01-25,731,905.4285714285714,921.76
2020-01-26,936,892.1428571428571,922.3076923076923
2020-01-27,975,895.2857142857143,924.2592592592592
2020-01-28,891,905.1428571428571,923.0714285714286
2020-01-29,916,912.4285714285714,922.8275862068965
2020-01-30,953,906.8571428571429,923.8333333333334
2020-01-31,960,908.8571428571429,927.0333333333333
2020-02-01,830,923.0,923.4333333333333
2020-02-02,993,931.1428571428571,922.2666666666667
2020-02-03,1074,945.2857142857143,927.4333333333333
2020-02-04,953,954.1428571428571,925.2333333333333
2020-02-05,960,960.4285714285714,924.0
2020-02-06,1034,972.0,929.9666666666667
2020-02-07,1014,979.7142857142857,934.9
2020-02-08,798,975.1428571428571,929.0666666666667
2020-02-09,816,949.8571428571429,921.0
2020-02-10,882,922.4285714285714,923.7333333333333
2020-02-11,924,918.2857142857143,923.4
2020-02-12,1023,927.2857142857143,925.6
2020-02-13,1120,939.5714285714286,934.9666666666667
2020-02-14,1088,950.1428571428571,941.6333333333333
2020-02-15,906,965.5714285714286,939.9
2020-02-16,982,989.2857142857143,939.2333333333333
2020-02-17,1074,1016.7142857142857,948.0
2020-02-18,933,1018.0,944.8
2020-02-19,1003,1015.1428571428571,946.4666666666667
2020-02-20,1053,1005.5714285714286,954.1666666666666
2020-02-21,1071,1003.1428571428571,961.0333333333333
2020-02-22,945,1008.7142857142857,959.4666666666667
2020-02-23,899,996.8571428571429,957.9
2020-02-24,1067,995.8571428571429,969.1
2020-02-25,1012,1007.1428571428571,971.6333333333333
2020-02-26,1040,1012.4285714285714,973.8
2020-02-27,1088,1017.4285714285714,980.3666666666667
2020-02-28,1047,1014.0,984.7333333333333
2020-02-29,906,1008.4285714285714,983.1666666666666
2020-03-01,1042,1028.857142857143,985.9
2020-03-02,1100,1033.5714285714287,994.9
2020-03-03,1000,1031.857142857143,995.1333333333333
2020-03-04,1011,1027.7142857142858,993.0333333333333
2020-03-05,1086,1027.4285714285713,997.4666666666667
2020-03-06,1145,1041.4285714285713,1003.6333333333333
2020-03-07,883,1038.142857142857,998.6
2020-03-08,1012,1033.857142857143,998.5333333333333
2020-03-09,1011,1021.1428571428571,1005.6333333333333
2020-03-10,971,1017.0,1010.8
2020-03-11,942,1007.1428571428571,1012.8
2020-03-12,1006,995.7142857142857,1015.5333333333333
2020-03-13,1036,980.1428571428571,1015.9666666666667
2020-03-14,816,970.5714285714286,1005.8333333333334
2020-03-15,917,957.0,1000.1333333333333
2020-03-16,876,937.7142857142857,999.1333333333333
2020-03-17,709,900.2857142857143,990.0333333333333
2020-03-18,555,845.0,972.7333333333333
2020-03-19,601,787.1428571428571,961.6666666666666
2020-03-20,597,724.4285714285714,948.1333333333333
2020-03-21,397,664.5714285714286,926.2666666666667
2020-03-22,450,597.8571428571429,905.5666666666667
2020-03-23,290,514.1428571428571,883.7333333333333
2020-03-24,247,448.14285714285717,862.0
2020-03-25,260,406.0,835.1
2020-03-26,274,359.2857142857143,810.5
2020-03-27,269,312.42857142857144,784.8
2020-03-28,174,280.57142857142856,754.3333333333334
2020-03-29,155,238.42857142857142,724.6
2020-03-30,127,215.14285714285714,698.6333333333333
2020-03-31,155,202.0,669.0666666666667
2020-04-01,124,182.57142857142858,636.5333333333333
2020-04-02,136,162.85714285714286,607.7333333333333
2020-04-03,146,145.28571428571428,578.9
2020-04-04,115,136.85714285714286,546.5333333333333
2020-04-05,124,132.42857142857142,512.5
2020-04-06,116,130.85714285714286,486.93333333333334
2020-04-07,119,125.71428571428571,457.1666666666667
2020-04-08,109,123.57142857142857,427.1
2020-04-09,128,122.42857142857143,399.0
2020-04-10,125,119.42857142857143,371.76666666666665
2020-04-11,107,118.28571428571429,341.8
2020-04-12,114,116.85714285714286,311.06666666666666
2020-04-13,98,114.28571428571429,287.1333333333333
2020-04-14,100,111.57142857142857,259.9
2020-04-15,115,112.42857142857143,234.53333333333333
2020-04-16,130,112.71428571428571,215.23333333333332
2020-04-17,115,111.28571428571429,200.56666666666666
2020-04-18,127,114.14285714285714,184.76666666666668
2020-04-19,119,114.85714285714286,168.83333333333334
2020-04-20,117,117.57142857142857,159.5
2020-04-21,131,122.0,148.86666666666667
2020-04-22,123,123.14285714285714,143.3
2020-04-23,145,125.28571428571429,139.9
2020-04-24,118,125.71428571428571,135.16666666666666
2020-04-25,138,127.28571428571429,130.63333333333333
2020-04-26,144,130.85714285714286,126.46666666666667
2020-04-27,133,133.14285714285714,125.1
2020-04-28,115,130.85714285714286,123.76666666666667
2020-04-29,143,133.71428571428572,124.3
2020-04-30,162,136.14285714285714,124.53333333333333
2020-05-01,149,140.57142857142858,125.36666666666666
2020-05-02,155,143.0,126.0
2020-05-03,144,143.0,125.93333333333334
2020-05-04,155,146.14285714285714,127.26666666666667
2020-05-05,156,152.0,128.33333333333334
2020-05-06,172,156.14285714285714,130.2
2020-05-07,180,158.71428571428572,132.23333333333332
2020-05-08,188,164.28571428571428,134.86666666666667
2020-05-09,160,165.0,135.93333333333334
2020-05-10,177,169.71428571428572,137.66666666666666
2020-05-11,162,170.71428571428572,139.5
2020-05-12,165,172.0,141.2
2020-05-13,172,172.0,143.66666666666666
2020-05-14,202,175.14285714285714,147.06666666666666
2020-05-15,178,173.71428571428572,149.16666666666666
2020-05-16,170,175.14285714285714,150.5
2020-05-17,180,175.57142857142858,152.66666666666666
2020-05-18,163,175.71428571428572,153.86666666666667
2020-05-19,180,177.85714285714286,155.9
2020-05-20,186,179.85714285714286,158.2
2020-05-21,195,178.85714285714286,160.33333333333334
2020-05-22,182,179.42857142857142,162.3
2020-05-23,196,183.14285714285714,164.0
2020-05-24,188,184.28571428571428,166.33333333333334
2020-05-25,175,186.0,167.56666666666666
2020-05-26,194,188.0,169.23333333333332
2020-05-27,205,190.71428571428572,171.63333333333333
2020-05-28,216,193.71428571428572,175.0
2020-05-29,197,195.85714285714286,176.8
2020-05-30,189,194.85714285714286,177.7
2020-05-31,211,198.14285714285714,179.76666666666668
2020-06-01,189,200.14285714285714,180.9
2020-06-02,206,201.85714285714286,182.96666666666667
2020-06-03,191,199.85714285714286,184.16666666666666
2020-06-04,233,202.28571428571428,186.73333333333332
2020-06-05,224,206.14285714285714,188.46666666666667
2020-06-06,214,209.71428571428572,189.6
2020-06-07,209,209.42857142857142,190.3
2020-06-08,250,218.14285714285714,193.3
2020-06-09,221,220.28571428571428,194.76666666666668
2020-06-10,239,227.14285714285714,197.33333333333334
2020-06-11,271,232.57142857142858,200.86666666666667
2020-06-12,259,237.57142857142858,203.76666666666668
2020-06-13,241,241.42857142857142,205.06666666666666
2020-06-14,242,246.14285714285714,207.2
2020-06-15,271,249.14285714285714,210.56666666666666
2020-06-16,244,252.42857142857142,212.7
2020-06-17,262,255.71428571428572,216.0
2020-06-18,276,256.42857142857144,219.2
2020-06-19,286,260.2857142857143,222.53333333333333
2020-06-20,250,261.57142857142856,224.36666666666667
2020-06-21,280,267.0,227.63333333333333
2020-06-22,298,270.85714285714283,231.03333333333333
2020-06-23,270,274.57142857142856,233.76666666666668
2020-06-24,297,279.57142857142856,237.83333333333334
2020-06-25,295,282.2857142857143,241.2
2020-06-26,293,283.2857142857143,244.13333333333333
2020-06-27,261,284.85714285714283,245.63333333333333
2020-06-28,304,288.2857142857143,249.2
2020-06-29,317,291.0,253.46666666666667
2020-06-30,300,295.2857142857143,256.43333333333334
2020-07-01,341,301.57142857142856,261.5
2020-07-02,381,313.85714285714283,267.3333333333333
2020-07-03,444,335.42857142857144,275.76666666666665
2020-07-04,397,354.85714285714283,281.23333333333335
2020-07-05,430,372.85714285714283,288.1
2020-07-06,430,389.0,295.3
2020-07-07,377,400.0,300.9
2020-07-08,418,411.0,306.5
2020-07-09,427,417.57142857142856,313.3666666666667
2020-07-10,490,424.14285714285717,321.73333333333335
2020-07-11,459,433.0,328.0
2020-07-12,470,438.7142857142857,335.03333333333336
2020-07-13,439,440.0,341.6333333333333
2020-07-14,413,445.14285714285717,347.3333333333333
2020-07-15,464,451.7142857142857,353.76666666666665
2020-07-16,490,460.7142857142857,361.96666666666664
2020-07-17,508,463.2857142857143,370.1666666666667
2020-07-18,461,463.57142857142856,376.3333333333333
2020-07-19,474,464.14285714285717,382.6
2020-07-20,539,478.42857142857144,392.23333333333335
2020-07-21,472,486.85714285714283,398.6333333333333
2020-07-22,500,492.0,405.3666666666667
2020-07-23,445,485.57142857142856,411.2
2020-07-24,517,486.85714285714283,418.53333333333336
2020-07-25,487,490.57142857142856,424.93333333333334
2020-07-26,508,495.42857142857144,432.1
2020-07-27,477,486.57142857142856,439.3
2020-07-28,425,479.85714285714283,443.3333333333333
2020-07-29,470,475.57142857142856,448.43333333333334
2020-07-30,438,474.57142857142856,453.03333333333336
2020-07-31,543,478.2857142857143,459.76666666666665
2020-08-01,506,481.0,463.93333333333334
2020-08-02,582,491.57142857142856,468.53333333333336
2020-08-03,650,516.2857142857143,476.96666666666664
2020-08-04,589,539.7142857142857,482.26666666666665
2020-08-05,610,559.7142857142857,488.26666666666665
2020-08-06,635,587.8571428571429,496.8666666666667
2020-08-07,664,605.1428571428571,505.06666666666666
2020-08-08,656,626.5714285714286,512.7
2020-08-09,723,646.7142857142857,520.4666666666667
2020-08-10,698,653.5714285714286,528.4333333333333
2020-08-11,594,654.2857142857143,532.5666666666667
2020-08-12,631,657.2857142857143,538.9666666666667
2020-08-13,600,652.2857142857143,545.2
2020-08-14,692,656.2857142857143,552.8
2020-08-15,594,647.4285714285714,556.2666666666667
2020-08-16,726,647.8571428571429,563.5333333333333
2020-08-17,650,641.0,569.8333333333334
2020-08-18,584,639.5714285714286,573.5
2020-08-19,597,634.7142857142857,575.4333333333333
2020-08-20,618,637.2857142857143,580.3
2020-08-21,673,634.5714285714286,586.0666666666667
2020-08-22,638,640.8571428571429,592.5
2020-08-23,704,637.7142857142857,598.7333333333333
2020-08-24,633,635.2857142857143,603.6
2020-08-25,558,631.5714285714286,605.2666666666667
2020-08-26,649,639.0,611.0
2020-08-27,619,639.1428571428571,617.4666666666667
2020-08-28,667,638.2857142857143,624.0333333333333
2020-08-29,597,632.4285714285714,629.3333333333334
2020-08-30,722,635.0,635.3
2020-08-31,733,649.2857142857143,642.8666666666667
2020-09-01,641,661.1428571428571,644.8333333333334
2020-09-02,644,660.4285714285714,644.6333333333333
2020-09-03,643,663.8571428571429,646.4333333333333
2020-09-04,664,663.4285714285714,648.2333333333333
2020-09-05,649,670.8571428571429,648.7
2020-09-06,707,668.7142857142857,650.1333333333333
2020-09-07,627,653.5714285714286,649.1666666666666
2020-09-08,533,638.1428571428571,642.8333333333334
2020-09-09,598,631.5714285714286,639.5
2020-09-10,609,626.7142857142857,640.0
2020-09-11,668,627.2857142857143,641.2333333333333
2020-09-12,664,629.4285714285714,643.3666666666667
2020-09-13,703,628.8571428571429,643.7333333333333
2020-09-14,673,635.4285714285714,646.3666666666667
2020-09-15,589,643.4285714285714,641.8
2020-09-16,620,646.5714285714286,640.8
2020-09-17,649,652.2857142857143,642.9666666666667
2020-09-18,678,653.7142857142857,645.6666666666666
2020-09-19,632,649.1428571428571,646.1333333333333
2020-09-20,680,645.8571428571429,646.3666666666667
2020-09-21,633,640.1428571428571,646.2
2020-09-22,544,633.7142857142857,640.8666666666667
2020-09-23,592,629.7142857142857,639.5
2020-09-24,605,623.4285714285714,641.0666666666667
2020-09-25,659,620.7142857142857,641.4
2020-09-26,594,615.2857142857143,640.5666666666667
2020-09-27,670,613.8571428571429,640.6666666666666
2020-09-28,608,610.2857142857143,641.0333333333333
2020-09-29,525,607.5714285714286,634.4666666666667
2020-09-30,574,605.0,629.1666666666666
2020-10-01,594,603.4285714285714,627.6
2020-10-02,675,605.7142857142857,628.6333333333333
2020-10-03,587,604.7142857142857,626.7666666666667
2020-10-04,637,600.0,625.8666666666667
2020-10-05,589,597.2857142857143,623.8666666666667
2020-10-06,521,596.7142857142857,617.6666666666666
2020-10-07,545,592.5714285714286,614.9333333333333
2020-10-08,574,589.7142857142857,616.3
2020-10-09,623,582.2857142857143,617.1333333333333
2020-10-10,613,586.0,617.2666666666667
2020-10-11,645,587.1428571428571,616.5
2020-10-12,576,585.2857142857143,613.5666666666667
2020-10-13,512,584.0,607.2
2020-10-14,557,585.7142857142857,603.3333333333334
2020-10-15,555,583.0,602.2
2020-10-16,628,583.7142857142857,602.4666666666667
2020-10-17,593,580.8571428571429,600.6
2020-10-18,633,579.1428571428571,599.1
2020-10-19,567,577.8571428571429,596.9333333333333
2020-10-20,502,576.4285714285714,591.0
2020-10-21,532,572.8571428571429,587.6333333333333
2020-10-22,548,571.8571428571429,587.7666666666667
2020-10-23,619,570.5714285714286,588.6666666666666
2020-10-24,574,567.8571428571429,587.6333333333333
2020-10-25,558,557.1428571428571,584.2666666666667
2020-10-26,536,552.7142857142857,582.3333333333334
2020-10-27,441,544.0,574.7
2020-10-28,477,536.1428571428571,570.3333333333334
2020-10-29,488,527.5714285714286,569.1
2020-10-30,533,515.2857142857143,567.7333333333333
2020-10-31,489,503.14285714285717,564.2333333333333
