Date,EHAM 2019,7day_rolling_EHAM 2019,30day_rolling_EHAM 2019
2019-01-01,890,890.0,890.0
2019-01-02,1021,955.5,955.5
2019-01-03,1068,993.0,993.0
2019-01-04,1064,1010.75,1010.75
2019-01-05,936,995.8,995.8
2019-01-06,1028,1001.1666666666666,1001.1666666666666
2019-01-07,1006,1001.8571428571429,1001.8571428571429
2019-01-08,733,979.4285714285714,968.25
2019-01-09,888,960.4285714285714,959.3333333333334
2019-01-10,887,934.5714285714286,952.1
2019-01-11,874,907.4285714285714,945.0
2019-01-12,663,868.4285714285714,921.5
2019-01-13,631,811.7142857142857,899.1538461538462
2019-01-14,728,772.0,886.9285714285714
2019-01-15,594,752.1428571428571,867.4
2019-01-16,582,708.4285714285714,849.5625
2019-01-17,693,680.7142857142857,840.3529411764706
2019-01-18,708,657.0,833.0
2019-01-19,640,653.7142857142857,822.8421052631579
2019-01-20,947,698.8571428571429,829.05
2019-01-21,984,735.4285714285714,836.4285714285714
2019-01-22,864,774.0,837.6818181818181
2019-01-23,936,824.5714285714286,841.9565217391304
2019-01-24,937,859.4285714285714,845.9166666666666
2019-01-25,957,895.0,850.36
2019-01-26,756,911.5714285714286,846.7307692307693
2019-01-27,961,913.5714285714286,850.9629629629629
2019-01-28,1046,922.4285714285714,857.9285714285714
2019-01-29,842,919.2857142857143,857.3793103448276
2019-01-30,859,908.2857142857143,857.4333333333333
2019-01-31,964,912.1428571428571,859.9
2019-02-01,1007,919.2857142857143,859.4333333333333
2019-02-02,842,931.5714285714286,851.9
2019-02-03,995,936.4285714285714,849.6
2019-02-04,995,929.1428571428571,851.5666666666667
2019-02-05,871,933.2857142857143,846.3333333333334
2019-02-06,890,937.7142857142857,842.4666666666667
2019-02-07,989,941.2857142857143,851.0
2019-02-08,999,940.1428571428571,854.7
2019-02-09,772,930.1428571428571,850.8666666666667
2019-02-10,960,925.1428571428571,853.7333333333333
2019-02-11,1084,937.8571428571429,867.7666666666667
2019-02-12,910,943.4285714285714,877.0666666666667
2019-02-13,891,943.5714285714286,882.5
2019-02-14,996,944.5714285714286,895.9
2019-02-15,993,943.7142857142857,909.6
2019-02-16,864,956.8571428571429,915.3
2019-02-17,984,960.2857142857143,924.5
2019-02-18,1007,949.2857142857143,936.7333333333333
2019-02-19,947,954.5714285714286,936.7333333333333
2019-02-20,953,963.4285714285714,935.7
2019-02-21,1011,965.5714285714286,940.6
2019-02-22,1018,969.1428571428571,943.3333333333334
2019-02-23,870,970.0,941.1
2019-02-24,979,969.2857142857143,941.8333333333334
2019-02-25,990,966.8571428571429,949.6333333333333
2019-02-26,923,963.4285714285714,948.3666666666667
2019-02-27,913,957.7142857142857,943.9333333333333
2019-02-28,917,944.2857142857143,946.4333333333333
2019-03-01,1050,948.8571428571429,952.8
2019-03-02,826,942.5714285714286,948.2
2019-03-03,945,937.7142857142857,946.1333333333333
2019-03-04,1026,942.8571428571429,952.2666666666667
2019-03-05,962,948.4285714285714,951.1666666666666
2019-03-06,949,953.5714285714286,949.6333333333333
2019-03-07,1059,973.8571428571429,955.9
2019-03-08,1023,970.0,960.3333333333334
2019-03-09,925,984.1428571428571,958.2
2019-03-10,1018,994.5714285714286,958.8333333333334
2019-03-11,981,988.1428571428571,965.8
2019-03-12,965,988.5714285714286,965.9666666666667
2019-03-13,957,989.7142857142857,961.7333333333333
2019-03-14,1048,988.1428571428571,966.3333333333334
2019-03-15,1068,994.5714285714286,972.2333333333333
2019-03-16,914,993.0,969.5
2019-03-17,1044,996.7142857142857,971.2
2019-03-18,1093,1012.7142857142857,978.8333333333334
2019-03-19,989,1016.1428571428571,979.0
2019-03-20,1003,1022.7142857142857,978.8666666666667
2019-03-21,1031,1020.2857142857143,981.6666666666666
2019-03-22,1009,1011.8571428571429,983.5333333333333
2019-03-23,968,1019.5714285714286,982.1
2019-03-24,1053,1020.8571428571429,983.2666666666667
2019-03-25,1071,1017.7142857142857,989.9666666666667
2019-03-26,1049,1026.2857142857142,992.3
2019-03-27,1009,1027.142857142857,992.9333333333333
2019-03-28,1042,1028.7142857142858,996.9
2019-03-29,1053,1035.0,1001.5666666666667
2019-03-30,913,1027.142857142857,1001.4333333333333
2019-03-31,1118,1036.4285714285713,1003.7
2019-04-01,1183,1052.4285714285713,1015.6
2019-04-02,1053,1053.0,1019.2
2019-04-03,1077,1062.7142857142858,1020.9
2019-04-04,1074,1067.2857142857142,1024.6333333333334
2019-04-05,1190,1086.857142857143,1032.6666666666667
2019-04-06,999,1099.142857142857,1030.6666666666667
2019-04-07,1161,1105.2857142857142,1035.2666666666667
2019-04-08,1202,1108.0,1044.5
2019-04-09,1163,1123.7142857142858,1049.3333333333333
2019-04-10,1177,1138.0,1055.8666666666666
2019-04-11,1180,1153.142857142857,1063.0333333333333
2019-04-12,1181,1151.857142857143,1070.5
2019-04-13,1003,1152.4285714285713,1069.0
2019-04-14,1127,1147.5714285714287,1070.9666666666667
2019-04-15,1169,1142.857142857143,1079.4666666666667
2019-04-16,1163,1142.857142857143,1083.4333333333334
2019-04-17,1086,1129.857142857143,1083.2
2019-04-18,1203,1133.142857142857,1090.3333333333333
2019-04-19,1210,1137.2857142857142,1097.2333333333333
2019-04-20,1056,1144.857142857143,1098.0666666666666
2019-04-21,1184,1153.0,1103.9
2019-04-22,1148,1150.0,1109.9
2019-04-23,1163,1150.0,1113.5666666666666
2019-04-24,1086,1150.0,1114.0666666666666
2019-04-25,1123,1138.5714285714287,1116.5333333333333
2019-04-26,1111,1124.4285714285713,1119.9333333333334
2019-04-27,978,1113.2857142857142,1117.8
2019-04-28,1136,1106.4285714285713,1120.5666666666666
2019-04-29,1235,1118.857142857143,1131.3
2019-04-30,1128,1113.857142857143,1131.6333333333334
2019-05-01,1152,1123.2857142857142,1130.6
2019-05-02,1162,1128.857142857143,1134.2333333333333
2019-05-03,1245,1148.0,1139.8333333333333
2019-05-04,977,1147.857142857143,1136.6
2019-05-05,1178,1153.857142857143,1136.2
2019-05-06,1191,1147.5714285714287,1142.6
2019-05-07,1080,1140.7142857142858,1139.9
2019-05-08,1081,1130.5714285714287,1135.8666666666666
2019-05-09,1102,1122.0,1133.8333333333333
2019-05-10,1232,1120.142857142857,1135.6666666666667
2019-05-11,1090,1136.2857142857142,1132.6666666666667
2019-05-12,1174,1135.7142857142858,1132.4333333333334
2019-05-13,1227,1140.857142857143,1139.9
2019-05-14,1193,1157.0,1142.1
2019-05-15,1186,1172.0,1142.6666666666667
2019-05-16,1178,1182.857142857143,1143.1666666666667
2019-05-17,1208,1179.4285714285713,1147.2333333333333
2019-05-18,1071,1176.7142857142858,1142.8333333333333
2019-05-19,1173,1176.5714285714287,1141.6
2019-05-20,1190,1171.2857142857142,1146.0666666666666
2019-05-21,1149,1165.0,1144.9
2019-05-22,1192,1165.857142857143,1146.3666666666666
2019-05-23,1123,1158.0,1145.0333333333333
2019-05-24,1245,1163.2857142857142,1150.3333333333333
2019-05-25,1139,1173.0,1150.8666666666666
2019-05-26,1205,1177.5714285714287,1154.0
2019-05-27,1263,1188.0,1163.5
2019-05-28,1116,1183.2857142857142,1162.8333333333333
2019-05-29,1121,1173.142857142857,1159.0333333333333
2019-05-30,1085,1167.7142857142858,1157.6
2019-05-31,1096,1146.4285714285713,1155.7333333333333
2019-06-01,985,1124.4285714285713,1149.8333333333333
2019-06-02,1104,1110.0,1145.1333333333334
2019-06-03,1154,1094.4285714285713,1151.0333333333333
2019-06-04,1117,1094.5714285714287,1149.0
2019-06-05,1197,1105.4285714285713,1149.2
2019-06-06,1160,1116.142857142857,1151.8666666666666
2019-06-07,1098,1116.4285714285713,1152.4333333333334
2019-06-08,958,1112.5714285714287,1147.6333333333334
2019-06-09,1144,1118.2857142857142,1144.7
2019-06-10,1241,1130.7142857142858,1149.7333333333333
2019-06-11,1104,1128.857142857143,1147.4
2019-06-12,1144,1121.2857142857142,1144.6333333333334
2019-06-13,1060,1107.0,1140.2
2019-06-14,1080,1104.4285714285713,1136.6666666666667
2019-06-15,859,1090.2857142857142,1126.0333333333333
2019-06-16,1080,1081.142857142857,1121.7666666666667
2019-06-17,1082,1058.4285714285713,1122.1333333333334
2019-06-18,1182,1069.5714285714287,1122.4333333333334
2019-06-19,1088,1061.5714285714287,1119.0333333333333
2019-06-20,1156,1075.2857142857142,1119.2666666666667
2019-06-21,1173,1088.5714285714287,1118.6333333333334
2019-06-22,1068,1118.4285714285713,1116.8
2019-06-23,1141,1127.142857142857,1113.3333333333333
2019-06-24,1159,1138.142857142857,1114.0
2019-06-25,1116,1128.7142857142858,1111.0333333333333
2019-06-26,1142,1136.4285714285713,1107.0
2019-06-27,1172,1138.7142857142858,1108.8666666666666
2019-06-28,1213,1144.4285714285713,1111.9333333333334
2019-06-29,998,1134.4285714285713,1109.0333333333333
2019-06-30,1140,1134.2857142857142,1110.5
2019-07-01,1185,1138.0,1117.1666666666667
2019-07-02,1172,1146.0,1119.4333333333334
2019-07-03,1183,1151.857142857143,1120.4
2019-07-04,1207,1156.857142857143,1123.4
2019-07-05,1235,1160.0,1124.6666666666667
2019-07-06,1094,1173.7142857142858,1122.4666666666667
2019-07-07,1208,1183.4285714285713,1126.1333333333334
2019-07-08,1254,1193.2857142857142,1136.0
2019-07-09,1206,1198.142857142857,1138.0666666666666
2019-07-10,1115,1188.4285714285713,1133.8666666666666
2019-07-11,1153,1180.7142857142858,1135.5
2019-07-12,1211,1177.2857142857142,1137.7333333333333
2019-07-13,1123,1181.4285714285713,1139.8333333333333
2019-07-14,1217,1182.7142857142858,1144.4
2019-07-15,1242,1181.0,1157.1666666666667
2019-07-16,1232,1184.7142857142858,1162.2333333333333
2019-07-17,1162,1191.4285714285713,1164.9
2019-07-18,1131,1188.2857142857142,1163.2
2019-07-19,1130,1176.7142857142858,1164.6
2019-07-20,984,1156.857142857143,1158.8666666666666
2019-07-21,1091,1138.857142857143,1156.1333333333334
2019-07-22,1127,1122.4285714285713,1158.1
2019-07-23,1139,1109.142857142857,1158.0333333333333
2019-07-24,868,1067.142857142857,1148.3333333333333
2019-07-25,1197,1076.5714285714287,1151.0333333333333
2019-07-26,1170,1082.2857142857142,1151.9666666666667
2019-07-27,1018,1087.142857142857,1146.8333333333333
2019-07-28,1105,1089.142857142857,1143.2333333333333
2019-07-29,1248,1106.4285714285713,1151.5666666666666
2019-07-30,1193,1114.142857142857,1153.3333333333333
2019-07-31,1217,1164.0,1154.4
2019-08-01,1228,1168.4285714285713,1156.2666666666667
2019-08-02,1196,1172.142857142857,1156.7
2019-08-03,1025,1173.142857142857,1150.6333333333334
2019-08-04,1114,1174.4285714285713,1146.6
2019-08-05,1132,1157.857142857143,1147.8666666666666
2019-08-06,1093,1143.5714285714287,1144.0333333333333
2019-08-07,1134,1131.7142857142858,1140.0333333333333
2019-08-08,1121,1116.4285714285713,1137.2
2019-08-09,1083,1100.2857142857142,1136.1333333333334
2019-08-10,1029,1100.857142857143,1132.0
2019-08-11,1113,1100.7142857142858,1128.7333333333333
2019-08-12,1189,1108.857142857143,1130.9333333333334
2019-08-13,1029,1099.7142857142858,1124.6666666666667
2019-08-14,1118,1097.4285714285713,1120.5333333333333
2019-08-15,1191,1107.4285714285713,1119.1666666666667
2019-08-16,1117,1112.2857142857142,1117.6666666666667
2019-08-17,997,1107.7142857142858,1113.2
2019-08-18,965,1086.5714285714287,1107.7
2019-08-19,1129,1078.0,1112.5333333333333
2019-08-20,894,1058.7142857142858,1105.9666666666667
2019-08-21,1141,1062.0,1106.4333333333334
2019-08-22,1103,1049.4285714285713,1105.2333333333333
2019-08-23,1205,1062.0,1116.4666666666667
2019-08-24,1090,1075.2857142857142,1112.9
2019-08-25,1210,1110.2857142857142,1114.2333333333333
2019-08-26,1233,1125.142857142857,1121.4
2019-08-27,1173,1165.0,1123.6666666666667
2019-08-28,911,1132.142857142857,1112.4333333333334
2019-08-29,1125,1135.2857142857142,1110.1666666666667
2019-08-30,1147,1127.0,1107.8333333333333
2019-08-31,1025,1117.7142857142858,1101.0666666666666
2019-09-01,1168,1111.7142857142858,1100.1333333333334
2019-09-02,1116,1095.0,1103.1666666666667
2019-09-03,1139,1090.142857142857,1104.0
2019-09-04,1081,1114.4285714285713,1102.3
2019-09-05,1225,1128.7142857142858,1106.7
2019-09-06,1161,1130.7142857142858,1107.6
2019-09-07,1069,1137.0,1105.8666666666666
2019-09-08,1193,1140.5714285714287,1109.5333333333333
2019-09-09,1100,1138.2857142857142,1111.9
2019-09-10,1044,1124.7142857142858,1109.6
2019-09-11,1065,1122.4285714285713,1105.4666666666667
2019-09-12,1100,1104.5714285714287,1107.8333333333333
2019-09-13,1219,1112.857142857143,1111.2
2019-09-14,986,1101.0,1104.3666666666666
2019-09-15,1180,1099.142857142857,1106.4666666666667
2019-09-16,1255,1121.2857142857142,1115.0666666666666
2019-09-17,1232,1148.142857142857,1123.9666666666667
2019-09-18,1236,1172.5714285714287,1127.5333333333333
2019-09-19,1265,1196.142857142857,1139.9
2019-09-20,1259,1201.857142857143,1143.8333333333333
2019-09-21,359,1112.2857142857142,1119.0333333333333
2019-09-22,3,944.1428571428571,1078.9666666666667
2019-09-23,1172,932.2857142857143,1081.7
2019-09-24,1172,923.7142857142857,1080.4333333333334
2019-09-25,1207,919.5714285714286,1079.5666666666666
2019-09-26,1280,921.7142857142857,1083.1333333333334
2019-09-27,1275,924.0,1095.2666666666667
2019-09-28,1135,1034.857142857143,1095.6
2019-09-29,1246,1212.4285714285713,1098.9
2019-09-30,1273,1226.857142857143,1107.1666666666667
2019-10-01,1218,1233.4285714285713,1108.8333333333333
2019-10-02,1250,1239.5714285714287,1113.3
2019-10-03,1259,1236.5714285714287,1117.3
2019-10-04,1274,1236.4285714285713,1123.7333333333333
2019-10-05,1107,1232.4285714285713,1119.8
2019-10-06,1255,1233.7142857142858,1122.9333333333334
2019-10-07,1263,1232.2857142857142,1129.4
2019-10-08,1173,1225.857142857143,1128.7333333333333
2019-10-09,1193,1217.7142857142858,1131.8333333333333
2019-10-10,1172,1205.2857142857142,1136.1
2019-10-11,1242,1200.7142857142858,1142.0
2019-10-12,1151,1207.0,1143.7
2019-10-13,1253,1206.7142857142858,1144.8333333333333
2019-10-14,1224,1201.142857142857,1152.7666666666667
2019-10-15,1200,1205.0,1153.4333333333334
2019-10-16,1232,1210.5714285714287,1152.6666666666667
2019-10-17,1247,1221.2857142857142,1153.1666666666667
2019-10-18,1292,1228.4285714285713,1155.0333333333333
2019-10-19,1123,1224.4285714285713,1150.3
2019-10-20,1251,1224.142857142857,1150.0333333333333
2019-10-21,1276,1231.5714285714287,1180.6
2019-10-22,1188,1229.857142857143,1220.1
2019-10-23,1214,1227.2857142857142,1221.5
2019-10-24,1242,1226.5714285714287,1223.8333333333333
2019-10-25,1255,1221.2857142857142,1225.4333333333334
2019-10-26,1134,1222.857142857143,1220.5666666666666
2019-10-27,1148,1208.142857142857,1216.3333333333333
2019-10-28,1153,1190.5714285714287,1216.9333333333334
2019-10-29,1073,1174.142857142857,1211.1666666666667
2019-10-30,1063,1152.5714285714287,1204.1666666666667
2019-10-31,1108,1133.4285714285713,1200.5
2019-11-01,1110,1112.7142857142858,1195.8333333333333
2019-11-02,927,1083.142857142857,1184.7666666666667
2019-11-03,1089,1074.7142857142858,1178.6
2019-11-04,1142,1073.142857142857,1179.7666666666667
2019-11-05,1051,1070.0,1172.9666666666667
2019-11-06,1042,1067.0,1165.6
2019-11-07,1116,1068.142857142857,1163.7
2019-11-08,1105,1067.4285714285713,1160.7666666666667
2019-11-09,923,1066.857142857143,1152.4666666666667
2019-11-10,1071,1064.2857142857142,1146.7666666666667
2019-11-11,1120,1061.142857142857,1145.7333333333333
2019-11-12,1031,1058.2857142857142,1138.3333333333333
2019-11-13,1035,1057.2857142857142,1132.0333333333333
2019-11-14,1116,1057.2857142857142,1129.2333333333333
2019-11-15,1108,1057.7142857142858,1125.1
2019-11-16,917,1056.857142857143,1114.1
2019-11-17,1087,1059.142857142857,1107.2666666666667
2019-11-18,1109,1057.5714285714287,1106.8
2019-11-19,980,1050.2857142857142,1097.7666666666667
2019-11-20,948,1037.857142857143,1086.8333333333333
2019-11-21,1056,1029.2857142857142,1082.4333333333334
2019-11-22,1026,1017.5714285714286,1076.1666666666667
2019-11-23,882,1012.5714285714286,1064.1666666666667
2019-11-24,997,999.7142857142857,1055.5666666666666
2019-11-25,990,982.7142857142857,1050.7666666666667
2019-11-26,890,969.8571428571429,1042.1666666666667
2019-11-27,898,962.7142857142857,1033.6666666666667
2019-11-28,1025,958.2857142857143,1032.0666666666666
2019-11-29,1085,966.7142857142857,1032.8
2019-11-30,853,962.5714285714286,1024.3
2019-12-01,1012,964.7142857142857,1021.0333333333333
2019-12-02,1053,973.7142857142857,1025.2333333333333
2019-12-03,935,980.1428571428571,1020.1
2019-12-04,972,990.7142857142857,1014.4333333333333
2019-12-05,952,980.2857142857143,1011.1333333333333
2019-12-06,985,966.0,1009.2333333333333
2019-12-07,841,964.2857142857143,1000.0666666666667
2019-12-08,1012,964.2857142857143,996.9666666666667
2019-12-09,1065,966.0,1001.7
2019-12-10,968,970.7142857142857,998.2666666666667
2019-12-11,964,969.5714285714286,993.0666666666667
2019-12-12,1020,979.2857142857143,992.7
2019-12-13,1004,982.0,991.6666666666666
2019-12-15,979,1001.7142857142857,987.1
2019-12-16,1025,1003.5714285714286,984.3333333333334
2019-12-17,945,986.4285714285714,985.2666666666667
2019-12-18,956,984.7142857142857,980.9
2019-12-19,1034,994.7142857142857,978.4
2019-12-20,1033,996.5714285714286,980.1666666666666
2019-12-21,894,980.8571428571429,978.3666666666667
2019-12-22,981,981.1428571428571,975.8666666666667
2019-12-23,974,973.8571428571429,974.1333333333333
2019-12-24,873,963.5714285714286,973.8333333333334
2019-12-25,747,933.7142857142857,965.5
2019-12-26,874,910.8571428571429,961.6333333333333
2019-12-27,1044,912.4285714285714,966.7666666666667
2019-12-28,871,909.1428571428571,965.8666666666667
2019-12-29,978,908.7142857142857,964.3
2019-12-30,979,909.4285714285714,960.7666666666667
2019-12-31,893,912.2857142857143,962.1
