Date,KJFK 2019,7day_rolling_KJFK 2019,30day_rolling_KJFK 2019
2019-01-01,889,889.0,889.0
2019-01-02,995,942.0,942.0
2019-01-03,1032,972.0,972.0
2019-01-04,1002,979.5,979.5
2019-01-05,1016,986.8,986.8
2019-01-06,982,986.0,986.0
2019-01-07,1055,995.8571428571429,995.8571428571429
2019-01-08,992,1010.5714285714286,995.375
2019-01-09,997,1010.8571428571429,995.5555555555555
2019-01-10,1018,1008.8571428571429,997.8
2019-01-11,1040,1014.2857142857143,1001.6363636363636
2019-01-12,981,1009.2857142857143,999.9166666666666
2019-01-13,924,1001.0,994.0769230769231
2019-01-14,1009,994.4285714285714,995.1428571428571
2019-01-15,994,994.7142857142857,995.0666666666667
2019-01-16,970,990.8571428571429,993.5
2019-01-17,1015,990.4285714285714,994.7647058823529
2019-01-18,1025,988.2857142857143,996.4444444444445
2019-01-19,948,983.5714285714286,993.8947368421053
2019-01-20,703,952.0,979.35
2019-01-21,941,942.2857142857143,977.5238095238095
2019-01-22,997,942.7142857142857,978.4090909090909
2019-01-23,937,938.0,976.6086956521739
2019-01-24,921,924.5714285714286,974.2916666666666
2019-01-25,1026,924.7142857142857,976.36
2019-01-26,1006,933.0,977.5
2019-01-27,924,964.5714285714286,975.5185185185185
2019-01-28,1019,975.7142857142857,977.0714285714286
2019-01-29,962,970.7142857142857,976.551724137931
2019-01-30,919,968.1428571428571,974.6333333333333
2019-01-31,979,976.4285714285714,977.6333333333333
2019-02-01,985,970.5714285714286,977.3
2019-02-02,966,964.8571428571429,975.1
2019-02-03,887,959.5714285714286,971.2666666666667
2019-02-04,965,951.8571428571429,969.5666666666667
2019-02-05,993,956.2857142857143,969.9333333333333
2019-02-06,936,958.7142857142857,965.9666666666667
2019-02-07,989,960.1428571428571,965.8666666666667
2019-02-08,987,960.4285714285714,965.5333333333333
2019-02-09,998,965.0,964.8666666666667
2019-02-10,929,971.0,961.1666666666666
2019-02-11,1006,976.8571428571429,962.0
2019-02-12,786,947.2857142857143,957.4
2019-02-13,953,949.7142857142857,955.5333333333333
2019-02-14,1044,957.5714285714286,957.2
2019-02-15,1118,976.2857142857143,962.1333333333333
2019-02-16,1033,981.2857142857143,962.7333333333333
2019-02-17,944,983.4285714285714,960.0333333333333
2019-02-18,1011,984.1428571428571,962.1333333333333
2019-02-19,1029,1018.8571428571429,973.0
2019-02-20,930,1015.5714285714286,972.6333333333333
2019-02-21,1036,1014.4285714285714,973.9333333333333
2019-02-22,1093,1010.8571428571429,979.1333333333333
2019-02-23,1034,1011.0,982.9
2019-02-24,958,1013.0,980.6333333333333
2019-02-25,1020,1014.2857142857143,981.1
2019-02-26,1045,1016.5714285714286,985.1333333333333
2019-02-27,1057,1034.7142857142858,986.4
2019-02-28,1084,1041.5714285714287,990.4666666666667
2019-03-01,1073,1038.7142857142858,995.6
2019-03-02,990,1032.4285714285713,995.9666666666667
2019-03-03,1053,1046.0,998.2333333333333
2019-03-04,941,1034.7142857142858,997.4
2019-03-05,1067,1037.857142857143,1003.4
2019-03-06,1092,1042.857142857143,1007.6333333333333
2019-03-07,1074,1041.4285714285713,1010.3333333333334
2019-03-08,1098,1045.0,1015.7333333333333
2019-03-09,1075,1057.142857142857,1018.6
2019-03-10,986,1047.5714285714287,1018.5666666666667
2019-03-11,1084,1068.0,1021.4333333333333
2019-03-12,1049,1065.4285714285713,1025.4333333333334
2019-03-13,1049,1059.2857142857142,1026.8666666666666
2019-03-14,1044,1055.0,1035.4666666666667
2019-03-15,1083,1052.857142857143,1039.8
2019-03-16,1070,1052.142857142857,1040.6666666666667
2019-03-17,1014,1056.142857142857,1037.2
2019-03-18,1065,1053.4285714285713,1038.2666666666667
2019-03-19,1070,1056.4285714285713,1042.4666666666667
2019-03-20,1073,1059.857142857143,1044.5333333333333
2019-03-21,1026,1057.2857142857142,1044.4333333333334
2019-03-22,1104,1060.2857142857142,1050.2333333333333
2019-03-23,1009,1051.5714285714287,1049.3333333333333
2019-03-24,1005,1050.2857142857142,1046.4
2019-03-25,1087,1053.4285714285713,1048.1666666666667
2019-03-26,1054,1051.142857142857,1051.3666666666666
2019-03-27,1069,1050.5714285714287,1053.0
2019-03-28,1089,1059.5714285714287,1054.4666666666667
2019-03-29,1103,1059.4285714285713,1056.0
2019-03-30,1050,1065.2857142857142,1054.8666666666666
2019-03-31,1044,1070.857142857143,1053.9
2019-04-01,1072,1068.7142857142858,1056.6333333333334
2019-04-02,1084,1073.0,1057.6666666666667
2019-04-03,1014,1065.142857142857,1060.1
2019-04-04,1099,1066.5714285714287,1061.1666666666667
2019-04-05,1139,1071.7142857142858,1062.7333333333333
2019-04-06,1074,1075.142857142857,1062.7333333333333
2019-04-07,1060,1077.4285714285713,1061.4666666666667
2019-04-08,1083,1079.0,1061.7333333333333
2019-04-09,1057,1075.142857142857,1064.1
2019-04-10,1106,1088.2857142857142,1064.8333333333333
2019-04-11,1127,1092.2857142857142,1067.4333333333334
2019-04-12,1125,1090.2857142857142,1069.9666666666667
2019-04-13,1100,1094.0,1071.8333333333333
2019-04-14,1039,1091.0,1070.3666666666666
2019-04-15,1027,1083.0,1068.9333333333334
2019-04-16,1095,1088.4285714285713,1071.6333333333334
2019-04-17,1129,1091.7142857142858,1073.7666666666667
2019-04-18,1082,1085.2857142857142,1074.1666666666667
2019-04-19,1088,1080.0,1074.6666666666667
2019-04-20,1052,1073.142857142857,1075.5333333333333
2019-04-21,1039,1073.142857142857,1073.3666666666666
2019-04-22,1104,1084.142857142857,1076.5333333333333
2019-04-23,1109,1086.142857142857,1080.0
2019-04-24,1118,1084.5714285714287,1081.0333333333333
2019-04-25,1109,1088.4285714285713,1082.8666666666666
2019-04-26,985,1073.7142857142858,1080.0666666666666
2019-04-27,1039,1071.857142857143,1078.4
2019-04-28,1125,1084.142857142857,1079.1333333333334
2019-04-29,1119,1086.2857142857142,1081.4333333333334
2019-04-30,1089,1083.4285714285713,1082.9333333333334
2019-05-01,1080,1078.0,1083.2
2019-05-02,1098,1076.4285714285713,1083.6666666666667
2019-05-03,1067,1088.142857142857,1085.4333333333334
2019-05-04,1100,1096.857142857143,1085.4666666666667
2019-05-05,1005,1079.7142857142858,1081.0
2019-05-06,1112,1078.7142857142858,1082.2666666666667
2019-05-07,1087,1078.4285714285713,1083.1666666666667
2019-05-08,1113,1083.142857142857,1084.1666666666667
2019-05-09,1168,1093.142857142857,1087.8666666666666
2019-05-10,1178,1109.0,1090.2666666666667
2019-05-11,1070,1104.7142857142858,1088.3666666666666
2019-05-12,999,1103.857142857143,1084.1666666666667
2019-05-13,1085,1100.0,1083.6666666666667
2019-05-14,1127,1105.7142857142858,1086.6
2019-05-15,1120,1106.7142857142858,1089.7
2019-05-16,1113,1098.857142857143,1090.3
2019-05-17,1160,1096.2857142857142,1091.3333333333333
2019-05-18,1087,1098.7142857142858,1091.5
2019-05-19,1047,1105.5714285714287,1090.1333333333334
2019-05-20,1144,1114.0,1093.2
2019-05-21,1115,1112.2857142857142,1095.7333333333333
2019-05-22,1112,1111.142857142857,1096.0
2019-05-23,1051,1102.2857142857142,1094.0666666666666
2019-05-24,1198,1107.7142857142858,1096.7333333333333
2019-05-25,1058,1103.5714285714287,1095.0333333333333
2019-05-26,1009,1098.142857142857,1095.8333333333333
2019-05-27,1086,1089.857142857143,1097.4
2019-05-28,1081,1085.0,1095.9333333333334
2019-05-29,1048,1075.857142857143,1093.5666666666666
2019-05-30,1096,1082.2857142857142,1093.8
2019-05-31,1084,1066.0,1093.9333333333334
2019-06-01,1097,1071.5714285714287,1093.9
2019-06-02,1070,1080.2857142857142,1094.0
2019-06-03,1174,1092.857142857143,1096.4666666666667
2019-06-04,1138,1101.0,1100.9
2019-06-05,1079,1105.4285714285713,1099.8
2019-06-06,1186,1118.2857142857142,1103.1
2019-06-07,1167,1130.142857142857,1104.9
2019-06-08,1017,1118.7142857142858,1099.8666666666666
2019-06-09,1057,1116.857142857143,1095.8333333333333
2019-06-10,1001,1092.142857142857,1093.5333333333333
2019-06-11,1069,1082.2857142857142,1095.8666666666666
2019-06-12,1084,1083.0,1095.8333333333333
2019-06-13,1036,1061.5714285714287,1092.8
2019-06-14,1155,1059.857142857143,1093.9666666666667
2019-06-15,1142,1077.7142857142858,1094.9333333333334
2019-06-16,1147,1090.5714285714287,1094.5
2019-06-17,1187,1117.142857142857,1097.8333333333333
2019-06-18,1160,1130.142857142857,1101.6
2019-06-19,1116,1134.7142857142858,1100.6666666666667
2019-06-20,1138,1149.2857142857142,1101.4333333333334
2019-06-21,1156,1149.4285714285713,1102.9
2019-06-22,1194,1156.857142857143,1107.6666666666667
2019-06-23,1159,1158.5714285714287,1106.3666666666666
2019-06-24,1194,1159.5714285714287,1110.9
2019-06-25,1185,1163.142857142857,1116.7666666666667
2019-06-26,1195,1174.4285714285713,1120.4
2019-06-27,1103,1169.4285714285713,1121.1333333333334
2019-06-28,1276,1186.5714285714287,1128.7333333333333
2019-06-29,1136,1178.2857142857142,1130.0666666666666
2019-06-30,1208,1185.2857142857142,1134.2
2019-07-01,1177,1182.857142857143,1136.8666666666666
2019-07-02,1161,1179.4285714285713,1139.9
2019-07-03,1187,1178.2857142857142,1140.3333333333333
2019-07-04,1127,1181.7142857142858,1139.9666666666667
2019-07-05,1089,1155.0,1140.3
2019-07-06,983,1133.142857142857,1133.5333333333333
2019-07-07,1134,1122.5714285714287,1132.4333333333334
2019-07-08,1218,1128.4285714285713,1139.1333333333334
2019-07-09,1207,1135.0,1144.1333333333334
2019-07-10,1216,1139.142857142857,1151.3
2019-07-11,1121,1138.2857142857142,1153.0333333333333
2019-07-12,1252,1161.5714285714287,1158.6333333333334
2019-07-13,1204,1193.142857142857,1164.2333333333333
2019-07-14,1223,1205.857142857143,1166.5
2019-07-15,1216,1205.5714285714287,1168.9666666666667
2019-07-16,1208,1205.7142857142858,1171.0
2019-07-17,1149,1196.142857142857,1169.7333333333333
2019-07-18,1113,1195.0,1168.1666666666667
2019-07-19,1273,1198.0,1173.4
2019-07-20,1217,1199.857142857143,1176.0333333333333
2019-07-21,1189,1195.0,1177.1333333333334
2019-07-22,1100,1178.4285714285713,1174.0
2019-07-23,1154,1170.7142857142858,1173.8333333333333
2019-07-24,1238,1183.4285714285713,1175.3
2019-07-25,1238,1201.2857142857142,1177.0666666666666
2019-07-26,1243,1197.0,1178.6666666666667
2019-07-27,1209,1195.857142857143,1182.2
2019-07-28,1207,1198.4285714285713,1179.9
2019-07-29,1173,1208.857142857143,1181.1333333333334
2019-07-30,1168,1210.857142857143,1179.8
2019-07-31,1122,1194.2857142857142,1177.9666666666667
2019-08-01,1186,1186.857142857143,1178.8
2019-08-02,1269,1190.5714285714287,1181.5333333333333
2019-08-03,1121,1178.0,1181.3333333333333
2019-08-04,1169,1172.5714285714287,1184.0
2019-08-05,1215,1178.5714285714287,1191.7333333333333
2019-08-06,1129,1173.0,1191.5666666666666
2019-08-07,1021,1158.5714285714287,1185.0
2019-08-08,1151,1153.5714285714287,1183.1333333333334
2019-08-09,1246,1150.2857142857142,1184.1333333333334
2019-08-10,1264,1170.7142857142858,1188.9
2019-08-11,1214,1177.142857142857,1187.6333333333334
2019-08-12,1215,1177.142857142857,1188.0
2019-08-13,1178,1184.142857142857,1186.5
2019-08-14,1207,1210.7142857142858,1186.2
2019-08-15,1249,1224.7142857142858,1187.5666666666666
2019-08-16,1279,1229.4285714285713,1191.9
2019-08-17,1169,1215.857142857143,1193.7666666666667
2019-08-18,1167,1209.142857142857,1190.2333333333333
2019-08-19,1114,1194.7142857142858,1186.8
2019-08-20,1276,1208.7142857142858,1189.7
2019-08-21,1144,1199.7142857142858,1191.1666666666667
2019-08-22,1220,1195.5714285714287,1193.3666666666666
2019-08-23,1262,1193.142857142857,1194.1666666666667
2019-08-24,1243,1203.7142857142858,1194.3333333333333
2019-08-25,1200,1208.4285714285713,1192.9
2019-08-26,1191,1219.4285714285713,1192.3
2019-08-27,1205,1209.2857142857142,1192.2333333333333
2019-08-28,1198,1217.0,1193.0666666666666
2019-08-29,1264,1223.2857142857142,1196.2666666666667
2019-08-30,1245,1220.857142857143,1200.3666666666666
2019-08-31,1132,1205.0,1198.5666666666666
2019-09-01,1105,1191.4285714285713,1193.1
2019-09-02,993,1163.142857142857,1188.8333333333333
2019-09-03,1128,1152.142857142857,1187.4666666666667
2019-09-04,1081,1135.4285714285713,1183.0
2019-09-05,1133,1116.7142857142858,1183.1333333333334
2019-09-06,1095,1095.2857142857142,1185.6
2019-09-07,1116,1093.0,1184.4333333333334
2019-09-08,1103,1092.7142857142858,1179.6666666666667
2019-09-09,1180,1119.4285714285713,1176.8666666666666
2019-09-10,1163,1124.4285714285713,1175.1666666666667
2019-09-11,1148,1134.0,1172.9333333333334
2019-09-12,1161,1138.0,1172.3666666666666
2019-09-13,1181,1150.2857142857142,1171.5
2019-09-14,1130,1152.2857142857142,1167.5333333333333
2019-09-15,1153,1159.4285714285713,1163.3333333333333
2019-09-16,1172,1158.2857142857142,1163.4333333333334
2019-09-17,1159,1157.7142857142858,1163.1666666666667
2019-09-18,1154,1158.5714285714287,1164.5
2019-09-19,1163,1158.857142857143,1160.7333333333333
2019-09-20,1213,1163.4285714285713,1163.0333333333333
2019-09-21,420,1062.0,1136.3666666666666
2019-09-22,39,902.8571428571429,1095.6
2019-09-23,1140,898.2857142857143,1092.1666666666667
2019-09-24,1164,899.0,1090.9666666666667
2019-09-25,1159,899.7142857142857,1089.9
2019-09-26,1188,903.2857142857143,1089.3333333333333
2019-09-27,1213,903.2857142857143,1089.8333333333333
2019-09-28,1152,1007.8571428571429,1086.1
2019-09-29,1139,1165.0,1082.5666666666666
2019-09-30,1179,1170.5714285714287,1084.1333333333334
2019-10-01,1162,1170.2857142857142,1086.0333333333333
2019-10-02,1168,1171.5714285714287,1091.8666666666666
2019-10-03,1166,1168.4285714285713,1093.1333333333334
2019-10-04,1139,1157.857142857143,1095.0666666666666
2019-10-05,1161,1159.142857142857,1096.0
2019-10-06,1104,1154.142857142857,1096.3
2019-10-07,1173,1153.2857142857142,1098.2
2019-10-08,1192,1157.5714285714287,1101.1666666666667
2019-10-09,1142,1153.857142857143,1099.9
2019-10-10,1149,1151.4285714285713,1099.4333333333334
2019-10-11,1067,1141.142857142857,1096.7333333333333
2019-10-12,1157,1140.5714285714287,1096.6
2019-10-13,1142,1146.0,1095.3
2019-10-14,1184,1147.5714285714287,1097.1
2019-10-15,1177,1145.4285714285713,1097.9
2019-10-16,1105,1140.142857142857,1095.6666666666667
2019-10-17,1010,1120.2857142857142,1090.7
2019-10-18,1185,1137.142857142857,1091.7333333333333
2019-10-19,1143,1135.142857142857,1091.0666666666666
2019-10-20,1105,1129.857142857143,1087.4666666666667
2019-10-21,1169,1127.7142857142858,1112.4333333333334
2019-10-22,1141,1122.5714285714287,1149.1666666666667
2019-10-23,1143,1128.0,1149.2666666666667
2019-10-24,1173,1151.2857142857142,1149.5666666666666
2019-10-25,1183,1151.0,1150.3666666666666
2019-10-26,1110,1146.2857142857142,1147.7666666666667
2019-10-27,1040,1137.0,1142.0
2019-10-28,1062,1121.7142857142858,1139.0
2019-10-29,1046,1108.142857142857,1135.9
2019-10-30,1047,1094.4285714285713,1131.5
2019-10-31,1010,1071.142857142857,1126.4333333333334
2019-11-01,1082,1056.7142857142858,1123.5666666666666
2019-11-02,1055,1048.857142857143,1119.8666666666666
2019-11-03,1032,1047.7142857142858,1116.3
2019-11-04,1169,1063.0,1116.5666666666666
2019-11-05,1081,1068.0,1115.8
2019-11-06,1088,1073.857142857143,1112.9666666666667
2019-11-07,1130,1091.0,1110.9
2019-11-08,1171,1103.7142857142858,1111.8666666666666
2019-11-09,1103,1110.5714285714287,1110.3333333333333
2019-11-10,1073,1116.4285714285713,1110.5333333333333
2019-11-11,1117,1109.0,1109.2
2019-11-12,1122,1114.857142857143,1108.5333333333333
2019-11-13,1155,1124.4285714285713,1107.5666666666666
2019-11-14,1151,1127.4285714285713,1106.7
2019-11-15,1173,1127.7142857142858,1108.9666666666667
2019-11-16,1112,1129.0,1112.3666666666666
2019-11-17,1078,1129.7142857142858,1108.8
2019-11-18,1156,1135.2857142857142,1109.2333333333333
2019-11-19,1152,1139.5714285714287,1110.8
2019-11-20,1136,1136.857142857143,1109.7
2019-11-21,1200,1143.857142857143,1111.6666666666667
2019-11-22,1191,1146.4285714285713,1113.2666666666667
2019-11-23,1162,1153.5714285714287,1112.9
2019-11-24,1106,1157.5714285714287,1110.3333333333333
2019-11-25,1117,1152.0,1110.5666666666666
2019-11-26,1135,1149.5714285714287,1113.7333333333333
2019-11-27,1185,1156.5714285714287,1117.8333333333333
2019-11-28,1032,1132.5714285714287,1117.3666666666666
2019-11-29,901,1091.142857142857,1112.5
2019-11-30,1072,1078.2857142857142,1114.5666666666666
2019-12-01,1135,1082.4285714285713,1116.3333333333333
2019-12-02,1097,1079.5714285714287,1117.7333333333333
2019-12-03,1135,1079.5714285714287,1121.1666666666667
2019-12-04,1208,1082.857142857143,1122.4666666666667
2019-12-05,1205,1107.5714285714287,1126.6
2019-12-06,1211,1151.857142857143,1130.7
2019-12-07,1110,1157.2857142857142,1130.0333333333333
2019-12-08,1098,1152.0,1127.6
2019-12-09,1127,1156.2857142857142,1128.4
2019-12-10,1169,1161.142857142857,1131.6
2019-12-11,1122,1148.857142857143,1131.7666666666667
2019-12-12,1212,1149.857142857143,1134.7666666666667
2019-12-13,1154,1141.7142857142858,1134.7333333333333
2019-12-15,1070,1136.0,1132.0333333333333
2019-12-16,1185,1148.4285714285713,1132.4333333333334
2019-12-17,1089,1143.0,1131.6666666666667
2019-12-18,1074,1129.4285714285713,1131.5333333333333
2019-12-19,1239,1146.142857142857,1134.3
2019-12-20,1286,1156.7142857142858,1138.7666666666667
2019-12-21,1167,1158.5714285714287,1139.8
2019-12-22,1135,1167.857142857143,1137.6333333333334
2019-12-23,1239,1175.5714285714287,1139.2333333333333
2019-12-24,1133,1181.857142857143,1138.2666666666667
2019-12-25,1010,1172.7142857142858,1135.0666666666666
2019-12-26,1107,1153.857142857143,1134.7333333333333
2019-12-27,1151,1134.5714285714287,1135.2666666666667
2019-12-28,1088,1123.2857142857142,1132.0333333333333
2019-12-29,1183,1130.142857142857,1137.0666666666666
2019-12-30,1135,1115.2857142857142,1144.8666666666666
2019-12-31,1128,1114.5714285714287,1146.7333333333333
