Date,KJFK 2020,7day_rolling_KJFK 2020,30day_rolling_KJFK 2020
2020-01-01,1013,1013.0,1013.0
2020-01-02,1106,1059.5,1059.5
2020-01-03,1050,1056.3333333333333,1056.3333333333333
2020-01-04,1108,1069.25,1069.25
2020-01-05,1192,1093.8,1093.8
2020-01-06,1181,1108.3333333333333,1108.3333333333333
2020-01-07,1115,1109.2857142857142,1109.2857142857142
2020-01-08,1054,1115.142857142857,1102.375
2020-01-09,1193,1127.5714285714287,1112.4444444444443
2020-01-10,1183,1146.5714285714287,1119.5
2020-01-11,1142,1151.4285714285713,1121.5454545454545
2020-01-12,1061,1132.7142857142858,1116.5
2020-01-13,1041,1112.7142857142858,1110.6923076923076
2020-01-14,1112,1112.2857142857142,1110.7857142857142
2020-01-15,1128,1122.857142857143,1111.9333333333334
2020-01-16,1146,1116.142857142857,1114.0625
2020-01-17,1205,1119.2857142857142,1119.4117647058824
2020-01-18,788,1068.7142857142858,1101.0
2020-01-19,1048,1066.857142857143,1098.2105263157894
2020-01-20,1004,1061.5714285714287,1093.5
2020-01-21,1103,1060.2857142857142,1093.952380952381
2020-01-22,1036,1047.142857142857,1091.3181818181818
2020-01-23,1156,1048.5714285714287,1094.1304347826087
2020-01-24,1161,1042.2857142857142,1096.9166666666667
2020-01-25,1017,1075.0,1093.72
2020-01-26,1058,1076.4285714285713,1092.3461538461538
2020-01-27,1156,1098.142857142857,1094.7037037037037
2020-01-28,1107,1098.7142857142858,1095.142857142857
2020-01-29,1079,1104.857142857143,1094.5862068965516
2020-01-30,1084,1094.5714285714287,1094.2333333333333
2020-01-31,1049,1078.5714285714287,1095.4333333333334
2020-02-01,1088,1088.7142857142858,1094.8333333333333
2020-02-02,1041,1086.2857142857142,1094.5333333333333
2020-02-03,1144,1084.5714285714287,1095.7333333333333
2020-02-04,1118,1086.142857142857,1093.2666666666667
2020-02-05,1084,1086.857142857143,1090.0333333333333
2020-02-06,1074,1085.4285714285713,1088.6666666666667
2020-02-07,1089,1091.142857142857,1089.8333333333333
2020-02-08,1163,1101.857142857143,1088.8333333333333
2020-02-09,1052,1103.4285714285713,1084.4666666666667
2020-02-10,1135,1102.142857142857,1084.2333333333333
2020-02-11,1113,1101.4285714285713,1085.9666666666667
2020-02-12,1112,1105.4285714285713,1088.3333333333333
2020-02-13,1104,1109.7142857142858,1088.0666666666666
2020-02-14,1199,1125.4285714285713,1090.4333333333334
2020-02-15,1051,1109.4285714285713,1087.2666666666667
2020-02-16,1042,1108.0,1081.8333333333333
2020-02-17,1111,1104.5714285714287,1092.6
2020-02-18,1132,1107.2857142857142,1095.4
2020-02-19,1152,1113.0,1100.3333333333333
2020-02-20,1162,1121.2857142857142,1102.3
2020-02-21,1206,1122.2857142857142,1107.9666666666667
2020-02-22,1147,1136.0,1107.6666666666667
2020-02-23,1145,1150.7142857142858,1107.1333333333334
2020-02-24,1171,1159.2857142857142,1112.2666666666667
2020-02-25,1120,1157.5714285714287,1114.3333333333333
2020-02-26,1117,1152.5714285714287,1113.0333333333333
2020-02-27,1152,1151.142857142857,1114.5333333333333
2020-02-28,1185,1148.142857142857,1118.0666666666666
2020-02-29,1150,1148.5714285714287,1120.2666666666667
2020-03-01,1139,1147.7142857142858,1123.2666666666667
2020-03-02,1164,1146.7142857142858,1125.8
2020-03-03,1156,1151.857142857143,1129.6333333333334
2020-03-04,1137,1154.7142857142858,1129.4
2020-03-05,1167,1156.857142857143,1131.0333333333333
2020-03-06,1185,1156.857142857143,1134.4
2020-03-07,1158,1158.0,1137.2
2020-03-08,1176,1163.2857142857142,1140.1
2020-03-09,1175,1164.857142857143,1140.5
2020-03-10,1134,1161.7142857142858,1143.2333333333333
2020-03-11,1162,1165.2857142857142,1144.1333333333334
2020-03-12,1168,1165.4285714285713,1145.9666666666667
2020-03-13,1218,1170.142857142857,1149.5
2020-03-14,1195,1175.4285714285713,1152.5333333333333
2020-03-15,1118,1167.142857142857,1149.8333333333333
2020-03-16,1144,1162.7142857142858,1152.9333333333334
2020-03-17,1089,1156.2857142857142,1154.5
2020-03-18,1054,1140.857142857143,1152.6
2020-03-19,1014,1118.857142857143,1148.6666666666667
2020-03-20,831,1063.5714285714287,1137.9666666666667
2020-03-21,786,1005.1428571428571,1125.4333333333334
2020-03-22,736,950.5714285714286,1109.7666666666667
2020-03-23,682,884.5714285714286,1094.2666666666667
2020-03-24,613,816.5714285714286,1076.5333333333333
2020-03-25,519,740.1428571428571,1054.8
2020-03-26,498,666.4285714285714,1034.0666666666666
2020-03-27,459,613.2857142857143,1012.1333333333333
2020-03-28,442,564.1428571428571,988.4666666666667
2020-03-29,391,514.8571428571429,962.0
2020-03-30,378,471.42857142857144,936.2666666666667
2020-03-31,397,440.57142857142856,911.5333333333333
2020-04-01,278,406.14285714285717,882.0
2020-04-02,254,371.2857142857143,851.9333333333333
2020-04-03,236,339.42857142857144,821.9
2020-04-04,252,312.2857142857143,791.4
2020-04-05,238,290.42857142857144,759.8333333333334
2020-04-06,247,271.7142857142857,729.4666666666667
2020-04-07,215,245.71428571428572,697.4333333333333
2020-04-08,243,240.71428571428572,666.3666666666667
2020-04-09,215,235.14285714285714,635.7333333333333
2020-04-10,216,232.28571428571428,604.2
2020-04-11,196,224.28571428571428,571.8
2020-04-12,200,218.85714285714286,537.8666666666667
2020-04-13,171,208.0,503.73333333333335
2020-04-14,221,208.85714285714286,473.8333333333333
2020-04-15,187,200.85714285714286,441.93333333333334
2020-04-16,175,195.14285714285714,411.46666666666664
2020-04-17,154,186.28571428571428,381.46666666666664
2020-04-18,158,180.85714285714286,352.93333333333334
2020-04-19,161,175.28571428571428,330.6
2020-04-20,149,172.14285714285714,309.3666666666667
2020-04-21,158,163.14285714285714,290.1
2020-04-22,172,161.0,273.1
2020-04-23,189,163.0,258.96666666666664
2020-04-24,172,165.57142857142858,247.4
2020-04-25,176,168.14285714285714,236.66666666666666
2020-04-26,153,167.0,226.46666666666667
2020-04-27,173,170.42857142857142,217.5
2020-04-28,204,177.0,211.26666666666668
2020-04-29,206,181.85714285714286,205.53333333333333
2020-04-30,187,181.57142857142858,198.53333333333333
2020-05-01,167,180.85714285714286,194.83333333333334
2020-05-02,178,181.14285714285714,192.3
2020-05-03,200,187.85714285714286,191.1
2020-05-04,177,188.42857142857142,188.6
2020-05-05,200,187.85714285714286,187.33333333333334
2020-05-06,180,184.14285714285714,185.1
2020-05-07,200,186.0,184.6
2020-05-08,181,188.0,182.53333333333333
2020-05-09,179,188.14285714285714,181.33333333333334
2020-05-10,185,186.0,180.3
2020-05-11,161,183.71428571428572,179.13333333333333
2020-05-12,178,180.57142857142858,178.4
2020-05-13,202,183.71428571428572,179.43333333333334
2020-05-14,216,186.0,179.26666666666668
2020-05-15,189,187.14285714285714,179.33333333333334
2020-05-16,200,190.14285714285714,180.16666666666666
2020-05-17,183,189.85714285714286,181.13333333333333
2020-05-18,190,194.0,182.2
2020-05-19,174,193.42857142857142,182.63333333333333
2020-05-20,191,191.85714285714286,184.03333333333333
2020-05-21,203,190.0,185.53333333333333
2020-05-22,190,190.14285714285714,186.13333333333333
2020-05-23,175,186.57142857142858,185.66666666666666
2020-05-24,173,185.14285714285714,185.7
2020-05-25,163,181.28571428571428,185.26666666666668
2020-05-26,162,179.57142857142858,185.56666666666666
2020-05-27,175,177.28571428571428,185.63333333333333
2020-05-28,199,176.71428571428572,185.46666666666667
2020-05-29,177,174.85714285714286,184.5
2020-05-30,189,176.85714285714286,184.56666666666666
2020-05-31,192,179.57142857142858,185.4
2020-06-01,220,187.71428571428572,186.8
2020-06-02,217,195.57142857142858,187.36666666666667
2020-06-03,239,204.71428571428572,189.43333333333334
2020-06-04,276,215.71428571428572,191.96666666666667
2020-06-05,271,229.14285714285714,195.0
2020-06-06,257,238.85714285714286,196.9
2020-06-07,271,250.14285714285714,199.9
2020-06-08,252,254.71428571428572,202.33333333333334
2020-06-09,261,261.0,204.86666666666667
2020-06-10,263,264.42857142857144,208.26666666666668
2020-06-11,297,267.42857142857144,212.23333333333332
2020-06-12,280,268.7142857142857,214.83333333333334
2020-06-13,254,268.2857142857143,216.1
2020-06-14,276,269.0,219.0
2020-06-15,259,270.0,220.96666666666667
2020-06-16,254,269.0,223.33333333333334
2020-06-17,227,263.85714285714283,224.56666666666666
2020-06-18,283,261.85714285714283,228.2
2020-06-19,308,265.85714285714283,232.1
2020-06-20,270,268.14285714285717,234.33333333333334
2020-06-21,280,268.7142857142857,237.33333333333334
2020-06-22,254,268.0,239.96666666666667
2020-06-23,278,271.42857142857144,243.46666666666667
2020-06-24,256,275.57142857142856,246.56666666666666
2020-06-25,307,279.0,251.4
2020-06-26,303,278.2857142857143,255.66666666666666
2020-06-27,277,279.2857142857143,258.26666666666665
2020-06-28,295,281.42857142857144,262.2
2020-06-29,272,284.0,264.96666666666664
2020-06-30,273,283.2857142857143,267.6666666666667
2020-07-01,311,291.14285714285717,270.7
2020-07-02,395,303.7142857142857,276.6333333333333
2020-07-03,413,319.42857142857144,282.43333333333334
2020-07-04,370,332.7142857142857,285.56666666666666
2020-07-05,362,342.2857142857143,288.6
2020-07-06,386,358.57142857142856,292.9
2020-07-07,410,378.14285714285717,297.53333333333336
2020-07-08,413,392.7142857142857,302.9
2020-07-09,424,396.85714285714283,308.3333333333333
2020-07-10,392,393.85714285714283,312.6333333333333
2020-07-11,425,401.7142857142857,316.9
2020-07-12,428,411.14285714285717,321.8333333333333
2020-07-13,392,412.0,326.43333333333334
2020-07-14,403,411.0,330.6666666666667
2020-07-15,388,407.42857142857144,334.96666666666664
2020-07-16,448,410.85714285714283,341.43333333333334
2020-07-17,442,418.0,348.6
2020-07-18,431,418.85714285714283,353.53333333333336
2020-07-19,399,414.7142857142857,356.56666666666666
2020-07-20,415,418.0,361.4
2020-07-21,389,416.0,365.03333333333336
2020-07-22,356,411.42857142857144,368.43333333333334
2020-07-23,427,408.42857142857144,373.4
2020-07-24,408,403.57142857142856,378.46666666666664
2020-07-25,414,401.14285714285717,382.03333333333336
2020-07-26,402,401.57142857142856,385.3333333333333
2020-07-27,395,398.7142857142857,389.26666666666665
2020-07-28,375,396.7142857142857,391.93333333333334
2020-07-29,360,397.2857142857143,394.8666666666667
2020-07-30,307,380.14285714285717,396.0
2020-07-31,378,375.85714285714283,398.23333333333335
2020-08-01,437,379.14285714285717,399.6333333333333
2020-08-02,462,387.7142857142857,401.26666666666665
2020-08-03,464,397.57142857142856,404.4
2020-08-04,360,395.42857142857144,404.3333333333333
2020-08-05,433,405.85714285714283,405.9
2020-08-06,463,428.14285714285717,407.6666666666667
2020-08-07,486,443.57142857142856,410.1
2020-08-08,460,446.85714285714283,411.3
2020-08-09,454,445.7142857142857,413.3666666666667
2020-08-10,443,442.7142857142857,413.96666666666664
2020-08-11,394,447.57142857142856,412.8333333333333
2020-08-12,393,441.85714285714283,412.8666666666667
2020-08-13,453,440.42857142857144,414.53333333333336
2020-08-14,454,435.85714285714283,416.73333333333335
2020-08-15,400,427.2857142857143,415.1333333333333
2020-08-16,469,429.42857142857144,416.03333333333336
2020-08-17,447,430.0,416.56666666666666
2020-08-18,389,429.2857142857143,416.23333333333335
2020-08-19,374,426.57142857142856,414.8666666666667
2020-08-20,441,424.85714285714283,416.6
2020-08-21,443,423.2857142857143,419.5
2020-08-22,437,428.57142857142856,419.8333333333333
2020-08-23,448,425.57142857142856,421.1666666666667
2020-08-24,436,424.0,421.9
2020-08-25,385,423.42857142857144,421.3333333333333
2020-08-26,388,425.42857142857144,421.1
2020-08-27,436,424.7142857142857,423.1333333333333
2020-08-28,447,425.2857142857143,426.03333333333336
2020-08-29,435,425.0,430.3
2020-08-30,444,424.42857142857144,432.5
2020-08-31,426,423.0,432.1333333333333
2020-09-01,373,421.2857142857143,429.1666666666667
2020-09-02,370,418.7142857142857,426.03333333333336
2020-09-03,433,418.2857142857143,428.46666666666664
2020-09-04,426,415.2857142857143,428.23333333333335
2020-09-05,414,412.2857142857143,426.6
2020-09-06,431,410.42857142857144,424.76666666666665
2020-09-07,418,409.2857142857143,423.3666666666667
2020-09-08,367,408.42857142857144,420.46666666666664
2020-09-09,367,408.0,417.93333333333334
2020-09-10,439,408.85714285714283,419.43333333333334
2020-09-11,430,409.42857142857144,420.6666666666667
2020-09-12,421,410.42857142857144,419.6
2020-09-13,443,412.14285714285717,419.23333333333335
2020-09-14,431,414.0,420.26666666666665
2020-09-15,360,413.0,416.6333333333333
2020-09-16,379,414.7142857142857,414.3666666666667
2020-09-17,441,415.0,416.1
2020-09-18,461,419.42857142857144,419.0
2020-09-19,423,419.7142857142857,418.4
2020-09-20,449,420.57142857142856,418.6
2020-09-21,428,420.14285714285717,418.3
2020-09-22,368,421.2857142857143,415.6333333333333
2020-09-23,379,421.2857142857143,413.73333333333335
2020-09-24,453,423.0,416.0
2020-09-25,439,419.85714285714283,417.7
2020-09-26,432,421.14285714285717,417.56666666666666
2020-09-27,458,422.42857142857144,417.93333333333334
2020-09-28,415,420.57142857142856,417.26666666666665
2020-09-29,368,420.57142857142856,414.73333333333335
2020-09-30,391,422.2857142857143,413.56666666666666
2020-10-01,478,425.85714285714283,417.06666666666666
2020-10-02,492,433.42857142857144,421.1333333333333
2020-10-03,481,440.42857142857144,422.73333333333335
2020-10-04,495,445.7142857142857,425.03333333333336
2020-10-05,462,452.42857142857144,426.6333333333333
2020-10-06,394,456.14285714285717,425.4
2020-10-07,392,456.2857142857143,424.53333333333336
2020-10-08,470,455.14285714285717,427.96666666666664
2020-10-09,501,456.42857142857144,432.43333333333334
2020-10-10,457,453.0,433.03333333333336
2020-10-11,487,451.85714285714283,434.93333333333334
2020-10-12,480,454.42857142857144,436.9
2020-10-13,397,454.85714285714283,435.3666666666667
2020-10-14,418,458.57142857142856,434.93333333333334
2020-10-15,488,461.14285714285717,439.2
2020-10-16,479,458.0,442.53333333333336
2020-10-17,480,461.2857142857143,443.8333333333333
2020-10-18,494,462.2857142857143,444.93333333333334
2020-10-19,479,462.14285714285717,446.8
2020-10-20,413,464.42857142857144,445.6
2020-10-21,383,459.42857142857144,444.1
2020-10-22,482,458.57142857142856,447.9
2020-10-23,486,459.57142857142856,451.46666666666664
2020-10-24,476,459.0,452.23333333333335
2020-10-25,477,456.57142857142856,453.5
2020-10-26,474,455.85714285714283,454.9
2020-10-27,427,457.85714285714283,453.8666666666667
2020-10-28,420,463.14285714285717,454.03333333333336
2020-10-29,488,464.0,458.03333333333336
2020-10-30,473,462.14285714285717,460.76666666666665
2020-10-31,451,458.57142857142856,459.8666666666667
