Date,KLAX 2019,7day_rolling_KLAX 2019,30day_rolling_KLAX 2019
2019-01-01,1191,1191.0,1191.0
2019-01-02,1339,1265.0,1265.0
2019-01-03,1483,1337.6666666666667,1337.6666666666667
2019-01-04,1433,1361.5,1361.5
2019-01-05,1257,1340.6,1340.6
2019-01-06,1312,1335.8333333333333,1335.8333333333333
2019-01-07,1398,1344.7142857142858,1344.7142857142858
2019-01-08,1298,1360.0,1338.875
2019-01-09,1234,1345.0,1327.2222222222222
2019-01-10,1155,1298.142857142857,1310.0
2019-01-11,1160,1259.142857142857,1296.3636363636363
2019-01-12,1267,1260.5714285714287,1293.9166666666667
2019-01-13,1097,1229.857142857143,1278.7692307692307
2019-01-14,1396,1229.5714285714287,1287.142857142857
2019-01-15,1450,1251.2857142857142,1298.0
2019-01-16,1381,1272.2857142857142,1303.1875
2019-01-17,1135,1269.4285714285713,1293.2941176470588
2019-01-18,953,1239.857142857143,1274.388888888889
2019-01-19,1078,1212.857142857143,1264.0526315789473
2019-01-20,1104,1213.857142857143,1256.05
2019-01-21,1092,1170.4285714285713,1248.2380952380952
2019-01-22,1220,1137.5714285714287,1246.9545454545455
2019-01-23,1220,1114.5714285714287,1245.7826086956522
2019-01-24,1243,1130.0,1245.6666666666667
2019-01-25,1339,1185.142857142857,1249.4
2019-01-26,1285,1214.7142857142858,1250.7692307692307
2019-01-27,1189,1226.857142857143,1248.4814814814815
2019-01-28,1369,1266.4285714285713,1252.7857142857142
2019-01-29,1397,1291.7142857142858,1257.7586206896551
2019-01-30,1082,1272.0,1251.9
2019-01-31,1262,1274.7142857142858,1254.2666666666667
2019-02-01,1278,1266.0,1252.2333333333333
2019-02-02,1232,1258.4285714285713,1243.8666666666666
2019-02-03,1074,1242.0,1231.9
2019-02-04,1186,1215.857142857143,1229.5333333333333
2019-02-05,1152,1180.857142857143,1224.2
2019-02-06,972,1165.142857142857,1210.0
2019-02-07,1122,1145.142857142857,1204.1333333333334
2019-02-08,1117,1122.142857142857,1200.2333333333333
2019-02-09,1124,1106.7142857142858,1199.2
2019-02-10,1147,1117.142857142857,1198.7666666666667
2019-02-11,1236,1124.2857142857142,1197.7333333333333
2019-02-12,1267,1140.7142857142858,1203.4
2019-02-13,1295,1186.857142857143,1200.0333333333333
2019-02-14,1328,1216.2857142857142,1195.9666666666667
2019-02-15,1217,1230.5714285714287,1190.5
2019-02-16,1174,1237.7142857142858,1191.8
2019-02-17,1049,1223.7142857142858,1195.0
2019-02-18,1091,1203.0,1195.4333333333334
2019-02-19,1176,1190.0,1197.8333333333333
2019-02-20,985,1145.7142857142858,1194.2666666666667
2019-02-21,963,1093.5714285714287,1185.7
2019-02-22,1047,1069.2857142857142,1179.9333333333334
2019-02-23,1075,1055.142857142857,1174.3333333333333
2019-02-24,1164,1071.5714285714287,1168.5
2019-02-25,1248,1094.0,1167.2666666666667
2019-02-26,1143,1089.2857142857142,1165.7333333333333
2019-02-27,935,1082.142857142857,1151.2666666666667
2019-02-28,1246,1122.5714285714287,1146.2333333333333
2019-03-01,1163,1139.142857142857,1148.9333333333334
2019-03-02,1371,1181.4285714285713,1152.5666666666666
2019-03-03,1145,1178.7142857142858,1148.1333333333334
2019-03-04,1104,1158.142857142857,1143.8666666666666
2019-03-05,1185,1164.142857142857,1147.5666666666666
2019-03-06,1369,1226.142857142857,1153.6666666666667
2019-03-07,1220,1222.4285714285713,1155.9333333333334
2019-03-08,1233,1232.4285714285713,1164.6333333333334
2019-03-09,1218,1210.5714285714287,1167.8333333333333
2019-03-10,1076,1200.7142857142858,1166.4666666666667
2019-03-11,956,1179.5714285714287,1160.8666666666666
2019-03-12,913,1140.7142857142858,1153.0666666666666
2019-03-13,826,1063.142857142857,1139.4
2019-03-14,990,1030.2857142857142,1130.1666666666667
2019-03-15,988,995.2857142857143,1119.9333333333334
2019-03-16,1170,988.4285714285714,1114.6666666666667
2019-03-17,1170,1001.8571428571429,1113.1
2019-03-18,1380,1062.4285714285713,1119.9666666666667
2019-03-19,1283,1115.2857142857142,1127.7666666666667
2019-03-20,762,1106.142857142857,1116.8
2019-03-21,776,1075.5714285714287,1103.4666666666667
2019-03-22,843,1054.857142857143,1098.7333333333333
2019-03-23,821,1005.0,1094.0
2019-03-24,752,945.2857142857143,1084.1666666666667
2019-03-25,1248,926.4285714285714,1089.9333333333334
2019-03-26,1274,925.1428571428571,1093.6
2019-03-27,1075,969.8571428571429,1087.8333333333333
2019-03-28,1020,1004.7142857142857,1083.7333333333333
2019-03-29,1206,1056.5714285714287,1092.7666666666667
2019-03-30,1372,1135.2857142857142,1096.9666666666667
2019-03-31,1280,1210.7142857142858,1100.8666666666666
2019-04-01,1394,1231.5714285714287,1101.6333333333334
2019-04-02,1141,1212.5714285714287,1101.5
2019-04-03,1139,1221.7142857142858,1102.6666666666667
2019-04-04,1162,1242.0,1101.9
2019-04-05,1071,1222.7142857142858,1091.9666666666667
2019-04-06,975,1166.0,1083.8
2019-04-07,1040,1131.7142857142858,1077.3666666666666
2019-04-08,1435,1137.5714285714287,1084.6
2019-04-09,1162,1140.5714285714287,1087.4666666666667
2019-04-10,1061,1129.4285714285713,1090.9666666666667
2019-04-11,1537,1183.0,1111.7666666666667
2019-04-12,1285,1213.5714285714287,1127.0666666666666
2019-04-13,1390,1272.857142857143,1140.4
2019-04-14,1321,1313.0,1151.5
2019-04-15,1501,1322.4285714285713,1162.5333333333333
2019-04-16,1071,1309.4285714285713,1159.2333333333333
2019-04-17,1090,1313.5714285714287,1149.5666666666666
2019-04-18,1300,1279.7142857142858,1150.1333333333334
2019-04-19,1559,1318.857142857143,1176.7
2019-04-20,1135,1282.4285714285713,1188.6666666666667
2019-04-21,1008,1237.7142857142858,1194.1666666666667
2019-04-22,1109,1181.7142857142858,1203.7666666666667
2019-04-23,1197,1199.7142857142858,1218.6
2019-04-24,1494,1257.4285714285713,1226.8
2019-04-25,1639,1305.857142857143,1238.9666666666667
2019-04-26,1323,1272.142857142857,1247.2333333333333
2019-04-27,836,1229.4285714285713,1241.1
2019-04-28,798,1199.4285714285713,1227.5
2019-04-29,1133,1202.857142857143,1219.5333333333333
2019-04-30,1137,1194.2857142857142,1214.7666666666667
2019-05-01,1094,1137.142857142857,1204.7666666666667
2019-05-02,916,1033.857142857143,1197.2666666666667
2019-05-03,1169,1011.8571428571429,1198.2666666666667
2019-05-04,1310,1079.5714285714287,1203.2
2019-05-05,1187,1135.142857142857,1207.0666666666666
2019-05-06,985,1114.0,1207.4
2019-05-07,878,1077.0,1202.0
2019-05-08,1088,1076.142857142857,1190.4333333333334
2019-05-09,1009,1089.4285714285713,1185.3333333333333
2019-05-10,944,1057.2857142857142,1181.4333333333334
2019-05-11,1002,1013.2857142857143,1163.6
2019-05-12,973,982.7142857142857,1153.2
2019-05-13,828,960.2857142857143,1134.4666666666667
2019-05-14,1130,996.2857142857143,1128.1
2019-05-15,1080,995.1428571428571,1114.0666666666666
2019-05-16,1123,1011.4285714285714,1115.8
2019-05-17,1145,1040.142857142857,1117.6333333333334
2019-05-18,1085,1052.0,1110.4666666666667
2019-05-19,864,1036.4285714285713,1087.3
2019-05-20,965,1056.0,1081.6333333333334
2019-05-21,965,1032.4285714285713,1080.2
2019-05-22,1079,1032.2857142857142,1079.2
2019-05-23,1148,1035.857142857143,1077.5666666666666
2019-05-24,1359,1066.4285714285713,1073.0666666666666
2019-05-25,1228,1086.857142857143,1059.3666666666666
2019-05-26,1004,1106.857142857143,1048.7333333333333
2019-05-27,1044,1118.142857142857,1055.6666666666667
2019-05-28,1284,1163.7142857142858,1071.8666666666666
2019-05-29,1335,1200.2857142857142,1078.6
2019-05-30,1232,1212.2857142857142,1081.7666666666667
2019-05-31,982,1158.4285714285713,1078.0333333333333
2019-06-01,1039,1131.4285714285713,1082.1333333333334
2019-06-02,1010,1132.2857142857142,1076.8333333333333
2019-06-03,854,1105.142857142857,1061.6333333333334
2019-06-04,827,1039.857142857143,1049.6333333333334
2019-06-05,857,971.5714285714286,1045.3666666666666
2019-06-06,917,926.5714285714286,1046.6666666666667
2019-06-07,1041,935.0,1045.1
2019-06-08,1122,946.8571428571429,1048.8666666666666
2019-06-09,1539,1022.4285714285714,1068.7
2019-06-10,1630,1133.2857142857142,1089.6333333333334
2019-06-11,1757,1266.142857142857,1115.7666666666667
2019-06-12,1696,1386.0,1144.7
2019-06-13,1236,1431.5714285714287,1148.2333333333333
2019-06-14,1129,1444.142857142857,1149.8666666666666
2019-06-15,1066,1436.142857142857,1147.9666666666667
2019-06-16,1096,1372.857142857143,1146.3333333333333
2019-06-17,1117,1299.5714285714287,1147.4
2019-06-18,1102,1206.0,1155.3333333333333
2019-06-19,1094,1120.0,1159.6333333333334
2019-06-20,992,1085.142857142857,1160.5333333333333
2019-06-21,1176,1091.857142857143,1163.7666666666667
2019-06-22,1159,1105.142857142857,1164.1333333333334
2019-06-23,1150,1112.857142857143,1157.1666666666667
2019-06-24,1123,1113.7142857142858,1153.6666666666667
2019-06-25,1183,1125.2857142857142,1159.6333333333334
2019-06-26,1096,1125.5714285714287,1161.3666666666666
2019-06-27,926,1116.142857142857,1149.4333333333334
2019-06-28,1341,1139.7142857142858,1149.6333333333334
2019-06-29,1722,1220.142857142857,1165.9666666666667
2019-06-30,1684,1296.4285714285713,1189.3666666666666
2019-07-01,1720,1381.7142857142858,1212.0666666666666
2019-07-02,1749,1462.5714285714287,1236.7
2019-07-03,1426,1509.7142857142858,1255.7666666666667
2019-07-04,1207,1549.857142857143,1268.4333333333334
2019-07-05,1020,1504.0,1273.8666666666666
2019-07-06,1145,1421.5714285714287,1281.4666666666667
2019-07-07,1087,1336.2857142857142,1283.0
2019-07-08,1174,1258.2857142857142,1284.7333333333333
2019-07-09,1214,1181.857142857143,1273.9
2019-07-10,1689,1219.4285714285713,1275.8666666666666
2019-07-11,1811,1305.7142857142858,1277.6666666666667
2019-07-12,1843,1423.2857142857142,1282.5666666666666
2019-07-13,1637,1493.5714285714287,1295.9333333333334
2019-07-14,1699,1581.0,1314.9333333333334
2019-07-15,1750,1663.2857142857142,1337.7333333333333
2019-07-16,1696,1732.142857142857,1357.7333333333333
2019-07-17,1595,1718.7142857142858,1373.6666666666667
2019-07-18,1499,1674.142857142857,1386.9
2019-07-19,1632,1644.0,1404.8333333333333
2019-07-20,1382,1607.5714285714287,1417.8333333333333
2019-07-21,1415,1567.0,1425.8
2019-07-22,1773,1570.2857142857142,1446.2666666666667
2019-07-23,1714,1572.857142857143,1465.0666666666666
2019-07-24,1751,1595.142857142857,1486.0
2019-07-25,1825,1641.7142857142858,1507.4
2019-07-26,1823,1669.0,1531.6333333333334
2019-07-27,1768,1724.142857142857,1559.7
2019-07-28,1757,1773.0,1573.5666666666666
2019-07-29,1745,1769.0,1574.3333333333333
2019-07-30,1659,1761.142857142857,1573.5
2019-07-31,1528,1729.2857142857142,1567.1
2019-08-01,1697,1711.0,1565.3666666666666
2019-08-02,1871,1717.857142857143,1580.2
2019-08-03,1711,1709.7142857142858,1597.0
2019-08-04,1724,1705.0,1620.4666666666667
2019-08-05,1853,1720.4285714285713,1644.0666666666666
2019-08-06,1882,1752.2857142857142,1670.5666666666666
2019-08-07,1746,1783.4285714285713,1689.6333333333334
2019-08-08,1915,1814.5714285714287,1713.0
2019-08-09,1940,1824.4285714285713,1721.3666666666666
2019-08-10,1805,1837.857142857143,1721.1666666666667
2019-08-11,1725,1838.0,1717.2333333333333
2019-08-12,1788,1828.7142857142858,1722.2666666666667
2019-08-13,1850,1824.142857142857,1727.3
2019-08-14,1861,1840.5714285714287,1731.0
2019-08-15,1890,1837.0,1737.4666666666667
2019-08-16,1899,1831.142857142857,1747.6
2019-08-17,1716,1818.4285714285713,1754.8333333333333
2019-08-18,1588,1798.857142857143,1753.3666666666666
2019-08-19,1691,1785.0,1763.6666666666667
2019-08-20,1842,1783.857142857143,1777.9
2019-08-21,1846,1781.7142857142858,1780.3333333333333
2019-08-22,1774,1765.142857142857,1782.3333333333333
2019-08-23,1680,1733.857142857143,1779.9666666666667
2019-08-24,1734,1736.4285714285713,1776.9333333333334
2019-08-25,1641,1744.0,1770.8666666666666
2019-08-26,1789,1758.0,1771.5666666666666
2019-08-27,1844,1758.2857142857142,1774.4666666666667
2019-08-28,1685,1735.2857142857142,1772.4666666666667
2019-08-29,1680,1721.857142857143,1773.1666666666667
2019-08-30,1820,1741.857142857143,1782.9
2019-08-31,1734,1741.857142857143,1784.1333333333334
2019-09-01,1481,1719.0,1771.1333333333334
2019-09-02,1590,1690.5714285714287,1767.1
2019-09-03,1645,1662.142857142857,1764.4666666666667
2019-09-04,1632,1654.5714285714287,1757.1
2019-09-05,1491,1627.5714285714287,1744.0666666666666
2019-09-06,1669,1606.0,1741.5
2019-09-07,1615,1589.0,1731.5
2019-09-08,1487,1589.857142857143,1716.4
2019-09-09,1604,1591.857142857143,1709.7
2019-09-10,1608,1586.5714285714287,1705.8
2019-09-11,1526,1571.4285714285713,1697.0666666666666
2019-09-12,1696,1600.7142857142858,1691.9333333333334
2019-09-13,1837,1624.7142857142858,1691.1333333333334
2019-09-14,1672,1632.857142857143,1683.8666666666666
2019-09-15,1586,1647.0,1673.4333333333334
2019-09-16,1729,1664.857142857143,1673.8666666666666
2019-09-17,1674,1674.2857142857142,1676.7333333333333
2019-09-18,1651,1692.142857142857,1675.4
2019-09-19,1650,1685.5714285714287,1669.0
2019-09-20,1654,1659.4285714285713,1662.6
2019-09-21,761,1529.2857142857142,1628.8333333333333
2019-09-22,42,1308.7142857142858,1574.2333333333333
2019-09-23,1634,1295.142857142857,1570.9
2019-09-24,1686,1296.857142857143,1572.4
2019-09-25,1717,1306.2857142857142,1570.0
2019-09-26,1680,1310.5714285714287,1564.5333333333333
2019-09-27,1652,1310.2857142857142,1563.4333333333334
2019-09-28,1510,1417.2857142857142,1557.7666666666667
2019-09-29,1467,1620.857142857143,1546.0
2019-09-30,1614,1618.0,1542.0
2019-10-01,1650,1612.857142857143,1547.6333333333334
2019-10-02,1580,1593.2857142857142,1547.3
2019-10-03,1741,1602.0,1550.5
2019-10-04,1758,1617.142857142857,1554.7
2019-10-05,1603,1630.4285714285713,1558.4333333333334
2019-10-06,1561,1643.857142857143,1554.8333333333333
2019-10-07,1768,1665.857142857143,1559.9333333333334
2019-10-08,1763,1682.0,1569.1333333333334
2019-10-09,1637,1690.142857142857,1570.2333333333333
2019-10-10,1606,1670.857142857143,1570.1666666666667
2019-10-11,1609,1649.5714285714287,1572.9333333333334
2019-10-12,1696,1662.857142857143,1572.9333333333334
2019-10-13,1506,1655.0,1561.9
2019-10-14,1677,1642.0,1562.0666666666666
2019-10-15,1729,1637.142857142857,1566.8333333333333
2019-10-16,1689,1644.5714285714287,1565.5
2019-10-17,1680,1655.142857142857,1565.7
2019-10-18,1677,1664.857142857143,1566.5666666666666
2019-10-19,1681,1662.7142857142858,1567.6
2019-10-20,1541,1667.7142857142858,1563.8333333333333
2019-10-21,1731,1675.4285714285713,1596.1666666666667
2019-10-22,1720,1674.142857142857,1652.1
2019-10-23,1664,1670.5714285714287,1653.1
2019-10-24,1690,1672.0,1653.2333333333333
2019-10-25,1737,1680.5714285714287,1653.9
2019-10-26,1686,1681.2857142857142,1654.1
2019-10-27,1487,1673.5714285714287,1648.6
2019-10-28,1639,1660.4285714285713,1652.9
2019-10-29,1660,1651.857142857143,1659.3333333333333
2019-10-30,1538,1633.857142857143,1656.8
2019-10-31,1548,1613.5714285714287,1653.4
2019-11-01,1546,1586.2857142857142,1652.2666666666667
2019-11-02,1610,1575.4285714285713,1647.9
2019-11-03,1480,1574.4285714285713,1638.6333333333334
2019-11-04,1720,1586.0,1642.5333333333333
2019-11-05,1727,1595.5714285714287,1648.0666666666666
2019-11-06,1671,1614.5714285714287,1644.8333333333333
2019-11-07,1683,1633.857142857143,1642.1666666666667
2019-11-08,1810,1671.5714285714287,1647.9333333333334
2019-11-09,1713,1686.2857142857142,1651.5
2019-11-10,1595,1702.7142857142858,1651.0333333333333
2019-11-11,1729,1704.0,1652.1333333333334
2019-11-12,1766,1709.5714285714287,1660.8
2019-11-13,1678,1710.5714285714287,1660.8333333333333
2019-11-14,1727,1716.857142857143,1660.7666666666667
2019-11-15,1673,1697.2857142857142,1660.2333333333333
2019-11-16,1698,1695.142857142857,1660.8333333333333
2019-11-17,1522,1684.7142857142858,1655.6666666666667
2019-11-18,1702,1680.857142857143,1656.3666666666666
2019-11-19,1724,1674.857142857143,1662.4666666666667
2019-11-20,1591,1662.4285714285713,1657.8
2019-11-21,1678,1655.4285714285713,1656.4
2019-11-22,1705,1660.0,1657.7666666666667
2019-11-23,1641,1651.857142857143,1656.1333333333334
2019-11-24,1566,1658.142857142857,1650.4333333333334
2019-11-25,1583,1641.142857142857,1647.0
2019-11-26,1590,1622.0,1650.4333333333334
2019-11-27,1667,1632.857142857143,1651.3666666666666
2019-11-28,1605,1622.4285714285713,1649.5333333333333
2019-11-29,1159,1544.4285714285713,1636.9
2019-11-30,1547,1531.0,1636.8666666666666
2019-12-01,1664,1545.0,1640.8
2019-12-02,1700,1561.7142857142858,1643.8
2019-12-03,1706,1578.2857142857142,1651.3333333333333
2019-12-04,1720,1585.857142857143,1651.3333333333333
2019-12-05,1654,1592.857142857143,1648.9
2019-12-06,1720,1673.0,1650.5333333333333
2019-12-07,1623,1683.857142857143,1648.5333333333333
2019-12-08,1488,1658.7142857142858,1637.8
2019-12-09,1658,1652.7142857142858,1635.9666666666667
2019-12-10,1654,1645.2857142857142,1637.9333333333334
2019-12-11,1693,1641.4285714285713,1636.7333333333333
2019-12-12,1752,1655.4285714285713,1636.2666666666667
2019-12-13,1683,1650.142857142857,1636.4333333333334
2019-12-15,1395,1617.5714285714287,1625.3666666666666
2019-12-16,1669,1643.4285714285713,1625.2333333333333
2019-12-17,1638,1640.5714285714287,1623.2333333333333
2019-12-18,1574,1629.142857142857,1624.9666666666667
2019-12-19,1793,1643.4285714285713,1628.0
2019-12-20,1860,1658.857142857143,1632.5333333333333
2019-12-21,1761,1670.0,1638.2
2019-12-22,1749,1720.5714285714287,1640.5666666666666
2019-12-23,1838,1744.7142857142858,1645.0
2019-12-24,1793,1766.857142857143,1650.0666666666666
2019-12-25,1558,1764.5714285714287,1649.8
2019-12-26,1656,1745.0,1652.2333333333333
2019-12-27,1735,1727.142857142857,1657.0666666666666
2019-12-28,1604,1704.7142857142858,1654.9666666666667
2019-12-29,1780,1709.142857142857,1660.8
2019-12-30,1834,1708.5714285714287,1683.3
2019-12-31,1787,1707.7142857142858,1691.3
