Date,KLAX 2020,7day_rolling_KLAX 2020,30day_rolling_KLAX 2020
2020-01-01,1572,1572.0,1572.0
2020-01-02,1723,1647.5,1647.5
2020-01-03,1753,1682.6666666666667,1682.6666666666667
2020-01-04,1807,1713.75,1713.75
2020-01-05,1782,1727.4,1727.4
2020-01-06,1786,1737.1666666666667,1737.1666666666667
2020-01-07,1592,1716.4285714285713,1716.4285714285713
2020-01-08,1481,1703.4285714285713,1687.0
2020-01-09,1600,1685.857142857143,1677.3333333333333
2020-01-10,1654,1671.7142857142858,1675.0
2020-01-11,1559,1636.2857142857142,1664.4545454545455
2020-01-12,1395,1581.0,1642.0
2020-01-13,1505,1540.857142857143,1631.4615384615386
2020-01-14,1595,1541.2857142857142,1628.857142857143
2020-01-15,1508,1545.142857142857,1620.8
2020-01-16,1594,1544.2857142857142,1619.125
2020-01-17,1669,1546.4285714285713,1622.0588235294117
2020-01-18,1191,1493.857142857143,1598.111111111111
2020-01-19,1377,1491.2857142857142,1586.4736842105262
2020-01-20,1462,1485.142857142857,1580.25
2020-01-21,1530,1475.857142857143,1577.857142857143
2020-01-22,1429,1464.5714285714287,1571.090909090909
2020-01-23,1624,1468.857142857143,1573.391304347826
2020-01-24,1714,1475.2857142857142,1579.25
2020-01-25,1528,1523.4285714285713,1577.2
2020-01-26,1359,1520.857142857143,1568.8076923076924
2020-01-27,1634,1545.4285714285713,1571.2222222222222
2020-01-28,1648,1562.2857142857142,1573.9642857142858
2020-01-29,1555,1580.2857142857142,1573.3103448275863
2020-01-30,1580,1574.0,1573.5333333333333
2020-01-31,1523,1546.7142857142858,1571.9
2020-02-01,1597,1556.5714285714287,1567.7
2020-02-02,1447,1569.142857142857,1557.5
2020-02-03,1568,1559.7142857142858,1549.5333333333333
2020-02-04,1619,1555.5714285714287,1544.1
2020-02-05,1523,1551.0,1535.3333333333333
2020-02-06,1614,1555.857142857143,1536.0666666666666
2020-02-07,1692,1580.0,1543.1
2020-02-08,1610,1581.857142857143,1543.4333333333334
2020-02-09,1457,1583.2857142857142,1536.8666666666666
2020-02-10,1700,1602.142857142857,1541.5666666666666
2020-02-11,1656,1607.4285714285713,1550.2666666666667
2020-02-12,1545,1610.5714285714287,1551.6
2020-02-13,1638,1614.0,1553.0333333333333
2020-02-14,1688,1613.4285714285713,1559.0333333333333
2020-02-15,1553,1605.2857142857142,1557.6666666666667
2020-02-16,1524,1614.857142857143,1552.8333333333333
2020-02-17,1688,1613.142857142857,1569.4
2020-02-18,1713,1621.2857142857142,1580.6
2020-02-19,1589,1627.5714285714287,1584.8333333333333
2020-02-20,1662,1631.0,1589.2333333333333
2020-02-21,1737,1638.0,1599.5
2020-02-22,1656,1652.7142857142858,1600.5666666666666
2020-02-23,1480,1646.4285714285713,1592.7666666666667
2020-02-24,1659,1642.2857142857142,1597.1333333333334
2020-02-25,1667,1635.7142857142858,1607.4
2020-02-26,1620,1640.142857142857,1606.9333333333334
2020-02-27,1661,1640.0,1607.3666666666666
2020-02-28,1740,1640.4285714285713,1613.5333333333333
2020-02-29,1726,1650.4285714285713,1618.4
2020-03-01,1514,1655.2857142857142,1618.1
2020-03-02,1668,1656.5714285714287,1620.4666666666667
2020-03-03,1693,1660.2857142857142,1628.6666666666667
2020-03-04,1678,1668.5714285714287,1632.3333333333333
2020-03-05,1738,1679.5714285714287,1636.3
2020-03-06,1777,1684.857142857143,1644.7666666666667
2020-03-07,1623,1670.142857142857,1645.0666666666666
2020-03-08,1589,1680.857142857143,1641.6333333333334
2020-03-09,1652,1678.5714285714287,1643.0333333333333
2020-03-10,1756,1687.5714285714287,1653.0
2020-03-11,1652,1683.857142857143,1651.4
2020-03-12,1704,1679.0,1653.0
2020-03-13,1676,1664.5714285714287,1657.3666666666666
2020-03-14,1617,1663.7142857142858,1656.6666666666667
2020-03-15,1540,1656.7142857142858,1651.7333333333333
2020-03-16,1641,1655.142857142857,1654.6666666666667
2020-03-17,1613,1634.7142857142858,1657.6333333333334
2020-03-18,1509,1614.2857142857142,1651.6666666666667
2020-03-19,1497,1584.7142857142858,1644.4666666666667
2020-03-20,1455,1553.142857142857,1640.0
2020-03-21,1306,1508.7142857142858,1628.1333333333334
2020-03-22,1152,1453.2857142857142,1608.6333333333334
2020-03-23,1147,1382.7142857142858,1591.6666666666667
2020-03-24,1048,1302.0,1577.2666666666667
2020-03-25,998,1229.0,1555.2333333333333
2020-03-26,956,1151.7142857142858,1531.5333333333333
2020-03-27,840,1063.857142857143,1505.5333333333333
2020-03-28,878,1002.7142857142857,1479.4333333333334
2020-03-29,837,957.7142857142857,1449.3333333333333
2020-03-30,819,910.8571428571429,1419.1
2020-03-31,869,885.2857142857143,1397.6
2020-04-01,810,858.4285714285714,1369.0
2020-04-02,677,818.5714285714286,1335.1333333333334
2020-04-03,656,792.2857142857143,1301.0666666666666
2020-04-04,651,759.8571428571429,1264.8333333333333
2020-04-05,628,730.0,1226.5333333333333
2020-04-06,622,701.8571428571429,1193.1666666666667
2020-04-07,576,660.0,1159.4
2020-04-08,487,613.8571428571429,1120.5666666666666
2020-04-09,481,585.8571428571429,1078.0666666666666
2020-04-10,487,561.7142857142857,1039.2333333333333
2020-04-11,410,527.2857142857143,996.1
2020-04-12,386,492.7142857142857,953.1
2020-04-13,425,464.57142857142856,913.3666666666667
2020-04-14,436,444.57142857142856,876.5666666666667
2020-04-15,446,438.7142857142857,836.7333333333333
2020-04-16,433,431.85714285714283,797.4
2020-04-17,430,423.7142857142857,761.4333333333333
2020-04-18,413,424.14285714285717,725.3
2020-04-19,376,422.7142857142857,689.3333333333334
2020-04-20,395,418.42857142857144,658.9666666666667
2020-04-21,391,412.0,633.6
2020-04-22,408,406.57142857142856,608.9666666666667
2020-04-23,460,410.42857142857144,589.3666666666667
2020-04-24,438,411.57142857142856,570.7
2020-04-25,420,412.57142857142856,552.8333333333334
2020-04-26,397,415.57142857142856,538.0666666666667
2020-04-27,435,421.2857142857143,523.3
2020-04-28,434,427.42857142857144,509.8666666666667
2020-04-29,439,431.85714285714283,497.2
2020-04-30,447,430.0,483.1333333333333
2020-05-01,447,431.2857142857143,471.03333333333336
2020-05-02,420,431.2857142857143,462.46666666666664
2020-05-03,410,433.14285714285717,454.26666666666665
2020-05-04,413,430.0,446.3333333333333
2020-05-05,455,433.0,440.56666666666666
2020-05-06,434,432.2857142857143,434.3
2020-05-07,479,436.85714285714283,431.06666666666666
2020-05-08,484,442.14285714285717,430.96666666666664
2020-05-09,449,446.2857142857143,429.9
2020-05-10,426,448.57142857142856,427.8666666666667
2020-05-11,421,449.7142857142857,428.23333333333335
2020-05-12,449,448.85714285714283,430.3333333333333
2020-05-13,439,449.57142857142856,430.8
2020-05-14,454,446.0,431.4
2020-05-15,460,442.57142857142856,431.8666666666667
2020-05-16,482,447.2857142857143,433.5
2020-05-17,437,448.85714285714283,433.73333333333335
2020-05-18,417,448.2857142857143,433.8666666666667
2020-05-19,439,446.85714285714283,435.96666666666664
2020-05-20,486,453.57142857142856,439.0
2020-05-21,474,456.42857142857144,441.76666666666665
2020-05-22,502,462.42857142857144,444.9
2020-05-23,445,457.14285714285717,444.4
2020-05-24,398,451.57142857142856,443.06666666666666
2020-05-25,461,457.85714285714283,444.43333333333334
2020-05-26,460,460.85714285714283,446.53333333333336
2020-05-27,493,461.85714285714283,448.46666666666664
2020-05-28,469,461.14285714285717,449.6333333333333
2020-05-29,492,459.7142857142857,451.4
2020-05-30,452,460.7142857142857,451.56666666666666
2020-05-31,454,468.7142857142857,451.8
2020-06-01,454,467.7142857142857,452.93333333333334
2020-06-02,506,474.2857142857143,456.1333333333333
2020-06-03,533,480.0,460.1333333333333
2020-06-04,480,481.57142857142856,460.96666666666664
2020-06-05,540,488.42857142857144,464.5
2020-06-06,494,494.42857142857144,465.0
2020-06-07,525,504.57142857142856,466.3666666666667
2020-06-08,518,513.7142857142857,468.6666666666667
2020-06-09,526,516.5714285714286,472.0
2020-06-10,586,524.1428571428571,477.5
2020-06-11,591,540.0,482.23333333333335
2020-06-12,608,549.7142857142857,487.8666666666667
2020-06-13,579,561.8571428571429,492.03333333333336
2020-06-14,588,570.8571428571429,496.3
2020-06-15,569,578.1428571428571,499.2
2020-06-16,561,583.1428571428571,503.3333333333333
2020-06-17,549,577.8571428571429,507.73333333333335
2020-06-18,590,577.7142857142857,512.7666666666667
2020-06-19,607,577.5714285714286,516.8
2020-06-20,586,578.5714285714286,520.5333333333333
2020-06-21,549,573.0,522.1
2020-06-22,586,575.4285714285714,526.8
2020-06-23,611,582.5714285714286,533.9
2020-06-24,604,590.4285714285714,538.6666666666666
2020-06-25,630,596.1428571428571,544.3333333333334
2020-06-26,652,602.5714285714286,549.6333333333333
2020-06-27,628,608.5714285714286,554.9333333333333
2020-06-28,600,615.8571428571429,558.5333333333333
2020-06-29,645,624.2857142857143,564.9666666666667
2020-06-30,607,623.7142857142857,570.0666666666667
2020-07-01,638,628.5714285714286,576.2
2020-07-02,724,642.0,583.4666666666667
2020-07-03,769,658.7142857142857,591.3333333333334
2020-07-04,690,667.5714285714286,598.3333333333334
2020-07-05,694,681.0,603.4666666666667
2020-07-06,784,700.8571428571429,613.1333333333333
2020-07-07,794,727.5714285714286,622.1
2020-07-08,844,757.0,632.9666666666667
2020-07-09,870,777.8571428571429,644.4333333333333
2020-07-10,865,791.5714285714286,653.7333333333333
2020-07-11,859,815.7142857142857,662.6666666666666
2020-07-12,836,836.0,670.2666666666667
2020-07-13,847,845.0,679.2
2020-07-14,825,849.4285714285714,687.1
2020-07-15,829,847.2857142857143,695.7666666666667
2020-07-16,821,840.2857142857143,704.4333333333333
2020-07-17,850,838.1428571428571,714.4666666666667
2020-07-18,844,836.0,722.9333333333333
2020-07-19,792,829.7142857142857,729.1
2020-07-20,833,827.7142857142857,737.3333333333334
2020-07-21,788,822.4285714285714,745.3
2020-07-22,793,817.2857142857143,752.2
2020-07-23,822,817.4285714285714,759.2333333333333
2020-07-24,854,818.0,767.5666666666667
2020-07-25,812,813.4285714285714,773.6333333333333
2020-07-26,823,817.8571428571429,779.3333333333334
2020-07-27,827,817.0,785.9666666666667
2020-07-28,806,819.5714285714286,792.8333333333334
2020-07-29,804,821.1428571428571,798.1333333333333
2020-07-30,634,794.2857142857143,799.0333333333333
2020-07-31,832,791.1428571428571,805.5
2020-08-01,875,800.1428571428571,810.5333333333333
2020-08-02,875,807.5714285714286,814.0666666666667
2020-08-03,900,818.0,821.0666666666667
2020-08-04,827,821.0,825.5
2020-08-05,834,825.2857142857143,827.1666666666666
2020-08-06,878,860.1428571428571,829.9666666666667
2020-08-07,893,868.8571428571429,831.6
2020-08-08,915,874.5714285714286,833.1
2020-08-09,870,873.8571428571429,833.2666666666667
2020-08-10,892,872.7142857142857,834.3666666666667
2020-08-11,865,878.1428571428571,835.3333333333334
2020-08-12,873,883.7142857142857,836.2
2020-08-13,844,878.8571428571429,836.8333333333334
2020-08-14,890,878.4285714285714,838.8666666666667
2020-08-15,710,849.1428571428571,835.1666666666666
2020-08-16,857,847.2857142857143,835.4
2020-08-17,891,847.1428571428571,836.9666666666667
2020-08-18,848,844.7142857142857,838.8333333333334
2020-08-19,831,838.7142857142857,838.7666666666667
2020-08-20,881,844.0,841.8666666666667
2020-08-21,906,846.2857142857143,845.6333333333333
2020-08-22,870,869.1428571428571,847.2333333333333
2020-08-23,850,868.1428571428571,847.1
2020-08-24,874,865.7142857142857,849.1666666666666
2020-08-25,857,867.0,850.3
2020-08-26,843,868.7142857142857,850.8333333333334
2020-08-27,848,864.0,852.2333333333333
2020-08-28,911,864.7142857142857,855.8
2020-08-29,881,866.2857142857143,864.0333333333333
2020-08-30,798,858.8571428571429,862.9
2020-08-31,835,853.2857142857143,861.5666666666667
2020-09-01,822,848.2857142857143,859.8
2020-09-02,827,846.0,857.3666666666667
2020-09-03,885,851.2857142857143,859.3
2020-09-04,935,854.7142857142857,862.6666666666666
2020-09-05,862,852.0,862.1333333333333
2020-09-06,745,844.4285714285714,857.2
2020-09-07,833,844.1428571428571,854.4666666666667
2020-09-08,762,835.5714285714286,850.8666666666667
2020-09-09,789,830.1428571428571,847.4333333333333
2020-09-10,830,822.2857142857143,846.2666666666667
2020-09-11,876,813.8571428571429,846.3666666666667
2020-09-12,839,810.5714285714286,846.2
2020-09-13,856,826.4285714285714,845.0666666666667
2020-09-14,836,826.8571428571429,849.2666666666667
2020-09-15,754,825.7142857142857,845.8333333333334
2020-09-16,762,821.8571428571429,841.5333333333333
2020-09-17,800,817.5714285714286,839.9333333333333
2020-09-18,838,812.1428571428571,840.1666666666666
2020-09-19,858,814.8571428571429,839.4
2020-09-20,862,815.7142857142857,837.9333333333333
2020-09-21,854,818.2857142857143,837.4
2020-09-22,817,827.2857142857143,836.3
2020-09-23,756,826.4285714285714,832.3666666666667
2020-09-24,831,830.8571428571429,831.5
2020-09-25,856,833.4285714285714,831.9333333333333
2020-09-26,836,830.2857142857143,831.5333333333333
2020-09-27,816,823.7142857142857,828.3666666666667
2020-09-28,851,823.2857142857143,827.3666666666667
2020-09-29,827,824.7142857142857,828.3333333333334
2020-09-30,788,829.2857142857143,826.7666666666667
2020-10-01,800,824.8571428571429,826.0333333333333
2020-10-02,901,831.2857142857143,828.5
2020-10-03,904,841.0,829.1333333333333
2020-10-04,864,847.8571428571429,826.7666666666667
2020-10-05,847,847.2857142857143,826.2666666666667
2020-10-06,794,842.5714285714286,827.9
2020-10-07,848,851.1428571428571,828.4
2020-10-08,812,852.8571428571429,830.0666666666667
2020-10-09,876,849.2857142857143,832.9666666666667
2020-10-10,838,839.8571428571429,833.2333333333333
2020-10-11,845,837.1428571428571,832.2
2020-10-12,904,845.2857142857143,834.3666666666667
2020-10-13,851,853.4285714285714,834.2
2020-10-14,820,849.4285714285714,833.6666666666666
2020-10-15,910,863.4285714285714,838.8666666666667
2020-10-16,945,873.2857142857143,844.9666666666667
2020-10-17,909,883.4285714285714,848.6
2020-10-18,932,895.8571428571429,851.7333333333333
2020-10-19,919,898.0,853.7666666666667
2020-10-20,872,901.0,854.1
2020-10-21,873,908.5714285714286,854.7333333333333
2020-10-22,887,905.2857142857143,857.0666666666667
2020-10-23,945,905.2857142857143,863.3666666666667
2020-10-24,880,901.1428571428571,865.0
2020-10-25,854,890.0,864.9333333333333
2020-10-26,894,886.4285714285714,866.8666666666667
2020-10-27,860,884.7142857142857,868.3333333333334
2020-10-28,866,883.7142857142857,868.8333333333334
2020-10-29,891,884.2857142857143,870.9666666666667
2020-10-30,935,882.8571428571429,875.8666666666667
2020-10-31,860,880.0,877.8666666666667
