Date,KORD 2020,7day_rolling_KORD 2020,30day_rolling_KORD 2020
2020-01-01,1905,1905.0,1905.0
2020-01-02,2346,2125.5,2125.5
2020-01-03,2290,2180.3333333333335,2180.3333333333335
2020-01-04,2291,2208.0,2208.0
2020-01-05,2398,2246.0,2246.0
2020-01-06,2462,2282.0,2282.0
2020-01-07,2303,2285.0,2285.0
2020-01-08,2198,2326.8571428571427,2274.125
2020-01-09,2417,2337.0,2290.0
2020-01-10,2361,2347.1428571428573,2297.1
2020-01-11,1321,2208.5714285714284,2208.3636363636365
2020-01-12,1599,2094.4285714285716,2157.5833333333335
2020-01-13,2327,2075.1428571428573,2170.6153846153848
2020-01-14,2350,2081.8571428571427,2183.4285714285716
2020-01-15,2284,2094.1428571428573,2190.133333333333
2020-01-16,2408,2092.8571428571427,2203.75
2020-01-17,2238,2075.285714285714,2205.764705882353
2020-01-18,1305,2073.0,2155.722222222222
2020-01-19,1957,2124.1428571428573,2145.2631578947367
2020-01-20,2215,2108.1428571428573,2148.75
2020-01-21,2349,2108.0,2158.285714285714
2020-01-22,2182,2093.4285714285716,2159.3636363636365
2020-01-23,2315,2080.1428571428573,2166.1304347826085
2020-01-24,2414,2105.285714285714,2176.4583333333335
2020-01-25,2147,2225.5714285714284,2175.28
2020-01-26,1988,2230.0,2168.076923076923
2020-01-27,2387,2254.5714285714284,2176.185185185185
2020-01-28,2291,2246.285714285714,2180.285714285714
2020-01-29,2258,2257.1428571428573,2182.9655172413795
2020-01-30,2367,2264.5714285714284,2189.1
2020-01-31,2334,2253.1428571428573,2203.4
2020-02-01,2150,2253.5714285714284,2196.866666666667
2020-02-02,2031,2259.714285714286,2188.233333333333
2020-02-03,2354,2255.0,2190.3333333333335
2020-02-04,2278,2253.1428571428573,2186.3333333333335
2020-02-05,2234,2249.714285714286,2178.733333333333
2020-02-06,2228,2229.8571428571427,2176.233333333333
2020-02-07,2454,2247.0,2184.766666666667
2020-02-08,2198,2253.8571428571427,2177.4666666666667
2020-02-09,1605,2193.0,2152.266666666667
2020-02-10,2367,2194.8571428571427,2187.133333333333
2020-02-11,2370,2208.0,2212.8333333333335
2020-02-12,2204,2203.714285714286,2208.733333333333
2020-02-13,1777,2139.285714285714,2189.633333333333
2020-02-14,2686,2172.4285714285716,2203.0333333333333
2020-02-15,2183,2170.285714285714,2195.5333333333333
2020-02-16,2130,2245.285714285714,2191.9333333333334
2020-02-17,2371,2245.8571428571427,2227.4666666666667
2020-02-18,2481,2261.714285714286,2244.9333333333334
2020-02-19,2486,2302.0,2253.9666666666667
2020-02-20,2515,2407.4285714285716,2259.5
2020-02-21,2550,2388.0,2271.766666666667
2020-02-22,2329,2408.8571428571427,2272.233333333333
2020-02-23,2216,2421.1428571428573,2265.633333333333
2020-02-24,2455,2433.1428571428573,2275.9
2020-02-25,2401,2421.714285714286,2289.6666666666665
2020-02-26,2343,2401.285714285714,2288.2
2020-02-27,2582,2410.8571428571427,2297.9
2020-02-28,2559,2412.1428571428573,2307.9333333333334
2020-02-29,2312,2409.714285714286,2306.1
2020-03-01,2203,2407.8571428571427,2301.733333333333
2020-03-02,2510,2415.714285714286,2313.733333333333
2020-03-03,2461,2424.285714285714,2328.0666666666666
2020-03-04,2489,2445.1428571428573,2332.5666666666666
2020-03-05,2578,2444.5714285714284,2342.5666666666666
2020-03-06,2514,2438.1428571428573,2351.9
2020-03-07,2393,2449.714285714286,2357.4
2020-03-08,2514,2494.1428571428573,2359.4
2020-03-09,2544,2499.0,2370.9333333333334
2020-03-10,2475,2501.0,2399.9333333333334
2020-03-11,2536,2507.714285714286,2405.5666666666666
2020-03-12,2581,2508.1428571428573,2412.6
2020-03-13,2588,2518.714285714286,2425.4
2020-03-14,2308,2506.5714285714284,2443.1
2020-03-15,2311,2477.5714285714284,2430.6
2020-03-16,2462,2465.8571428571427,2439.9
2020-03-17,2422,2458.285714285714,2449.633333333333
2020-03-18,2311,2426.1428571428573,2447.633333333333
2020-03-19,2330,2390.285714285714,2442.6
2020-03-20,2256,2342.8571428571427,2434.9333333333334
2020-03-21,1794,2269.4285714285716,2410.9
2020-03-22,1662,2176.714285714286,2381.3
2020-03-23,1599,2053.4285714285716,2356.9666666666667
2020-03-24,1529,1925.857142857143,2334.0666666666666
2020-03-25,1380,1792.857142857143,2298.233333333333
2020-03-26,1286,1643.7142857142858,2261.0666666666666
2020-03-27,1259,1501.2857142857142,2224.9333333333334
2020-03-28,1187,1414.5714285714287,2178.4333333333334
2020-03-29,1193,1347.5714285714287,2132.9
2020-03-30,1195,1289.857142857143,2095.6666666666665
2020-03-31,1182,1240.2857142857142,2061.633333333333
2020-04-01,1154,1208.0,2016.4333333333334
2020-04-02,1029,1171.2857142857142,1968.7
2020-04-03,1144,1154.857142857143,1923.8666666666666
2020-04-04,923,1117.142857142857,1868.7
2020-04-05,970,1085.2857142857142,1817.2333333333333
2020-04-06,996,1056.857142857143,1770.6666666666667
2020-04-07,895,1015.8571428571429,1716.7
2020-04-08,880,976.7142857142857,1661.2333333333333
2020-04-09,934,963.1428571428571,1609.8666666666666
2020-04-10,849,921.0,1553.6333333333334
2020-04-11,798,903.1428571428571,1494.2
2020-04-12,772,874.8571428571429,1433.6666666666667
2020-04-13,833,851.5714285714286,1384.5
2020-04-14,791,836.7142857142857,1333.8333333333333
2020-04-15,762,819.8571428571429,1277.1666666666667
2020-04-16,759,794.8571428571429,1221.7333333333333
2020-04-17,697,773.1428571428571,1167.9333333333334
2020-04-18,599,744.7142857142857,1110.2333333333333
2020-04-19,616,722.4285714285714,1055.5666666666666
2020-04-20,660,697.7142857142857,1017.7666666666667
2020-04-21,637,675.7142857142857,983.6
2020-04-22,649,659.5714285714286,951.9333333333333
2020-04-23,671,647.0,923.3333333333334
2020-04-24,689,645.8571428571429,900.3
2020-04-25,631,650.4285714285714,878.4666666666667
2020-04-26,677,659.1428571428571,859.0666666666667
2020-04-27,685,662.7142857142857,842.3333333333334
2020-04-28,660,666.0,824.5666666666667
2020-04-29,679,670.2857142857143,807.3666666666667
2020-04-30,699,674.2857142857143,791.2666666666667
2020-05-01,772,686.1428571428571,778.5333333333333
2020-05-02,615,683.8571428571429,764.7333333333333
2020-05-03,726,690.8571428571429,750.8
2020-05-04,743,699.1428571428571,744.8
2020-05-05,580,687.7142857142857,731.8
2020-05-06,519,664.8571428571429,715.9
2020-05-07,771,675.1428571428571,711.7666666666667
2020-05-08,762,673.7142857142857,707.8333333333334
2020-05-09,509,658.5714285714286,693.6666666666666
2020-05-10,745,661.2857142857143,690.2
2020-05-11,741,661.0,688.3
2020-05-12,531,654.0,680.2666666666667
2020-05-13,771,690.0,678.2
2020-05-14,756,687.8571428571429,677.0333333333333
2020-05-15,790,691.8571428571429,677.9666666666667
2020-05-16,523,693.8571428571429,670.1
2020-05-17,748,694.2857142857143,671.8
2020-05-18,765,697.7142857142857,677.3333333333334
2020-05-19,537,698.5714285714286,674.7
2020-05-20,790,701.2857142857143,679.0333333333333
2020-05-21,796,707.0,684.3333333333334
2020-05-22,803,708.8571428571429,689.4666666666667
2020-05-23,518,708.1428571428571,684.3666666666667
2020-05-24,760,709.8571428571429,686.7333333333333
2020-05-25,758,708.8571428571429,690.9666666666667
2020-05-26,520,706.4285714285714,685.7333333333333
2020-05-27,799,707.7142857142857,689.5333333333333
2020-05-28,808,709.4285714285714,694.4666666666667
2020-05-29,827,712.8571428571429,699.4
2020-05-30,525,713.8571428571429,693.6
2020-05-31,780,716.7142857142857,693.8666666666667
2020-06-01,806,723.5714285714286,700.2333333333333
2020-06-02,575,731.4285714285714,695.2
2020-06-03,720,720.1428571428571,694.4333333333333
2020-06-04,818,721.5714285714286,702.3666666666667
2020-06-05,861,726.4285714285714,713.7666666666667
2020-06-06,541,728.7142857142857,706.1
2020-06-07,769,727.1428571428571,706.3333333333334
2020-06-08,830,730.5714285714286,717.0333333333333
2020-06-09,736,753.5714285714286,716.7333333333333
2020-06-10,593,735.4285714285714,711.8
2020-06-11,885,745.0,723.6
2020-06-12,860,744.8571428571429,726.5666666666667
2020-06-13,558,747.2857142857143,719.9666666666667
2020-06-14,806,752.5714285714286,720.5
2020-06-15,861,757.0,731.7666666666667
2020-06-16,770,761.8571428571429,732.5
2020-06-17,496,748.0,723.5333333333333
2020-06-18,873,746.2857142857143,734.7333333333333
2020-06-19,882,749.4285714285714,737.8
2020-06-20,563,750.1428571428571,730.0333333333333
2020-06-21,811,750.8571428571429,730.3
2020-06-22,782,739.5714285714286,739.1
2020-06-23,889,756.5714285714286,743.4
2020-06-24,612,773.1428571428571,738.5333333333333
2020-06-25,876,773.5714285714286,750.4
2020-06-26,858,770.1428571428571,752.3666666666667
2020-06-27,579,772.4285714285714,744.7333333333333
2020-06-28,830,775.1428571428571,744.8333333333334
2020-06-29,828,781.7142857142857,754.9333333333333
2020-06-30,854,776.7142857142857,757.4
2020-07-01,620,777.8571428571429,751.2
2020-07-02,920,784.1428571428571,762.7
2020-07-03,926,793.8571428571429,769.5666666666667
2020-07-04,595,796.1428571428571,762.1333333333333
2020-07-05,834,796.7142857142857,761.2333333333333
2020-07-06,1035,826.2857142857143,777.7
2020-07-07,1137,866.7142857142857,789.9666666666667
2020-07-08,1258,957.8571428571429,804.2333333333333
2020-07-09,1369,1022.0,825.3333333333334
2020-07-10,1441,1095.5714285714287,853.6
2020-07-11,1358,1204.5714285714287,869.3666666666667
2020-07-12,1327,1275.0,884.9333333333333
2020-07-13,1407,1328.142857142857,913.2333333333333
2020-07-14,1312,1353.142857142857,930.1
2020-07-15,1233,1349.5714285714287,942.5
2020-07-16,1366,1349.142857142857,962.3666666666667
2020-07-17,1433,1348.0,993.6
2020-07-18,1333,1344.4285714285713,1008.9333333333333
2020-07-19,1281,1337.857142857143,1022.2333333333333
2020-07-20,1427,1340.7142857142858,1051.0333333333333
2020-07-21,1273,1335.142857142857,1066.4333333333334
2020-07-22,1235,1335.4285714285713,1081.5333333333333
2020-07-23,1335,1331.0,1096.4
2020-07-24,1418,1328.857142857143,1123.2666666666667
2020-07-25,1330,1328.4285714285713,1138.4
2020-07-26,1327,1335.0,1154.0333333333333
2020-07-27,1403,1331.5714285714287,1181.5
2020-07-28,1302,1335.7142857142858,1197.2333333333333
2020-07-29,1201,1330.857142857143,1209.6666666666667
2020-07-30,964,1277.857142857143,1213.3333333333333
2020-07-31,1302,1261.2857142857142,1236.0666666666666
2020-08-01,1267,1252.2857142857142,1247.6333333333334
2020-08-02,1241,1240.0,1258.1333333333334
2020-08-03,1433,1244.2857142857142,1286.0666666666666
2020-08-04,1350,1251.142857142857,1303.2666666666667
2020-08-05,1338,1270.7142857142858,1313.3666666666666
2020-08-06,1393,1332.0,1321.9
2020-08-07,1472,1356.2857142857142,1329.0333333333333
2020-08-08,1353,1368.5714285714287,1328.5
2020-08-09,1387,1389.4285714285713,1326.7
2020-08-10,1213,1358.0,1321.8666666666666
2020-08-11,1500,1379.4285714285713,1327.6333333333334
2020-08-12,1315,1376.142857142857,1324.5666666666666
2020-08-13,1418,1379.7142857142858,1328.1
2020-08-14,1445,1375.857142857143,1335.1666666666667
2020-08-15,1276,1364.857142857143,1332.1666666666667
2020-08-16,1384,1364.4285714285713,1330.5333333333333
2020-08-17,1403,1391.5714285714287,1332.8666666666666
2020-08-18,1314,1365.0,1333.9666666666667
2020-08-19,1308,1364.0,1330.0
2020-08-20,1401,1361.5714285714287,1334.2666666666667
2020-08-21,1461,1363.857142857143,1341.8
2020-08-22,1335,1372.2857142857142,1341.8
2020-08-23,1363,1369.2857142857142,1339.9666666666667
2020-08-24,1449,1375.857142857143,1343.9333333333334
2020-08-25,1333,1378.5714285714287,1344.1333333333334
2020-08-26,1296,1376.857142857143,1340.5666666666666
2020-08-27,1398,1376.4285714285713,1343.7666666666667
2020-08-28,1452,1375.142857142857,1352.1333333333334
2020-08-29,1325,1373.7142857142858,1364.1666666666667
2020-08-30,1342,1370.7142857142858,1365.5
2020-08-31,1410,1365.142857142857,1370.2666666666667
2020-09-01,1320,1363.2857142857142,1372.9
2020-09-02,1330,1368.142857142857,1369.4666666666667
2020-09-03,1423,1371.7142857142858,1371.9
2020-09-04,1489,1377.0,1376.9333333333334
2020-09-05,1223,1362.4285714285713,1371.2666666666667
2020-09-06,899,1299.142857142857,1352.1666666666667
2020-09-07,1462,1306.5714285714287,1355.8
2020-09-08,1358,1312.0,1354.8333333333333
2020-09-09,1210,1294.857142857143,1354.7333333333333
2020-09-10,1301,1277.4285714285713,1348.1
2020-09-11,1463,1273.7142857142858,1353.0333333333333
2020-09-12,1347,1291.4285714285713,1350.6666666666667
2020-09-13,1386,1361.0,1348.7
2020-09-14,1314,1339.857142857143,1349.9666666666667
2020-09-15,1242,1323.2857142857142,1345.2333333333333
2020-09-16,1254,1329.5714285714287,1340.2666666666667
2020-09-17,1303,1329.857142857143,1339.9
2020-09-18,1473,1331.2857142857142,1345.4
2020-09-19,1329,1328.7142857142858,1343.0
2020-09-20,1400,1330.7142857142858,1340.9666666666667
2020-09-21,1321,1331.7142857142858,1340.5
2020-09-22,1253,1333.2857142857142,1336.8333333333333
2020-09-23,1241,1331.4285714285713,1329.9
2020-09-24,1306,1331.857142857143,1329.0
2020-09-25,1460,1330.0,1334.4666666666667
2020-09-26,1341,1331.7142857142858,1332.5666666666666
2020-09-27,1402,1332.0,1330.9
2020-09-28,1310,1330.4285714285713,1330.4
2020-09-29,1253,1330.4285714285713,1327.4333333333334
2020-09-30,1264,1333.7142857142858,1322.5666666666666
2020-10-01,1319,1335.5714285714287,1322.5333333333333
2020-10-02,1529,1345.4285714285713,1329.1666666666667
2020-10-03,1330,1343.857142857143,1326.0666666666666
2020-10-04,1393,1342.5714285714287,1322.8666666666666
2020-10-05,1342,1347.142857142857,1326.8333333333333
2020-10-06,1184,1337.2857142857142,1336.3333333333333
2020-10-07,950,1292.4285714285713,1319.2666666666667
2020-10-08,1235,1280.4285714285713,1315.1666666666667
2020-10-09,1534,1281.142857142857,1325.9666666666667
2020-10-10,1292,1275.7142857142858,1325.6666666666667
2020-10-11,1343,1268.5714285714287,1321.6666666666667
2020-10-12,1354,1270.2857142857142,1321.9
2020-10-13,1226,1276.2857142857142,1316.5666666666666
2020-10-14,931,1273.5714285714287,1303.8
2020-10-15,1256,1276.5714285714287,1304.2666666666667
2020-10-16,1524,1275.142857142857,1313.2666666666667
2020-10-17,1304,1276.857142857143,1313.3
2020-10-18,1431,1289.4285714285713,1311.9
2020-10-19,1373,1292.142857142857,1313.3666666666666
2020-10-20,1215,1290.5714285714287,1307.2
2020-10-21,948,1293.0,1294.7666666666667
2020-10-22,1250,1292.142857142857,1294.6666666666667
2020-10-23,1524,1292.142857142857,1304.1
2020-10-24,1356,1299.5714285714287,1305.7666666666667
2020-10-25,1370,1290.857142857143,1302.7666666666667
2020-10-26,1390,1293.2857142857142,1304.4
2020-10-27,1224,1294.5714285714287,1298.4666666666667
2020-10-28,950,1294.857142857143,1286.4666666666667
2020-10-29,1244,1294.0,1286.1666666666667
2020-10-30,1536,1295.7142857142858,1295.2333333333333
2020-10-31,964,1239.7142857142858,1283.4
