Date,KORD 2019,7day_rolling_KORD 2019,30day_rolling_KORD 2019
2019-01-01,947,947.0,947.0
2019-01-02,1333,1140.0,1140.0
2019-01-03,1587,1289.0,1289.0
2019-01-04,1556,1355.75,1355.75
2019-01-05,1517,1388.0,1388.0
2019-01-06,1034,1329.0,1329.0
2019-01-07,1225,1314.142857142857,1314.142857142857
2019-01-08,1484,1390.857142857143,1335.375
2019-01-09,1525,1418.2857142857142,1356.4444444444443
2019-01-10,1557,1414.0,1376.5
2019-01-11,1503,1406.4285714285713,1388.0
2019-01-12,1300,1375.4285714285713,1380.6666666666667
2019-01-13,1232,1403.7142857142858,1369.2307692307693
2019-01-14,1490,1441.5714285714287,1377.857142857143
2019-01-15,1520,1446.7142857142858,1387.3333333333333
2019-01-16,1334,1419.4285714285713,1384.0
2019-01-17,1516,1413.5714285714287,1391.764705882353
2019-01-18,1425,1402.4285714285713,1393.611111111111
2019-01-19,748,1323.5714285714287,1359.6315789473683
2019-01-20,1128,1308.7142857142858,1348.05
2019-01-21,1362,1290.4285714285713,1348.7142857142858
2019-01-22,1263,1253.7142857142858,1344.8181818181818
2019-01-23,1184,1232.2857142857142,1337.8260869565217
2019-01-24,1591,1243.0,1348.375
2019-01-25,1643,1274.142857142857,1360.16
2019-01-26,1454,1375.0,1363.7692307692307
2019-01-27,1527,1432.0,1369.8148148148148
2019-01-28,984,1378.0,1356.0357142857142
2019-01-29,1339,1388.857142857143,1355.448275862069
2019-01-30,910,1349.7142857142858,1340.6
2019-01-31,594,1207.2857142857142,1328.8333333333333
2019-02-01,1314,1160.2857142857142,1328.2
2019-02-02,1494,1166.0,1325.1
2019-02-03,1488,1160.4285714285713,1322.8333333333333
2019-02-04,1602,1248.7142857142858,1325.6666666666667
2019-02-05,1548,1278.5714285714287,1342.8
2019-02-06,1344,1340.5714285714287,1346.7666666666667
2019-02-07,1539,1475.5714285714287,1348.6
2019-02-08,1641,1522.2857142857142,1352.4666666666667
2019-02-09,1462,1517.7142857142858,1349.3
2019-02-10,1366,1500.2857142857142,1344.7333333333333
2019-02-11,1534,1490.5714285714287,1352.5333333333333
2019-02-12,1250,1448.0,1353.1333333333334
2019-02-13,1554,1478.0,1355.2666666666667
2019-02-14,1651,1494.0,1359.6333333333334
2019-02-15,1670,1498.142857142857,1370.8333333333333
2019-02-16,1569,1513.4285714285713,1372.6
2019-02-17,1242,1495.7142857142858,1366.5
2019-02-18,1513,1492.7142857142858,1392.0
2019-02-19,1713,1558.857142857143,1411.5
2019-02-20,1403,1537.2857142857142,1412.8666666666666
2019-02-21,1851,1565.857142857143,1432.4666666666667
2019-02-22,1545,1548.0,1444.5
2019-02-23,1450,1531.0,1439.8
2019-02-24,1384,1551.2857142857142,1431.1666666666667
2019-02-25,1667,1573.2857142857142,1438.2666666666667
2019-02-26,1627,1561.0,1441.6
2019-02-27,1779,1614.7142857142858,1468.1
2019-02-28,1828,1611.4285714285713,1484.4
2019-03-01,1766,1643.0,1512.9333333333334
2019-03-02,1638,1669.857142857143,1547.7333333333333
2019-03-03,1650,1707.857142857143,1558.9333333333334
2019-03-04,1725,1716.142857142857,1566.6333333333334
2019-03-05,1726,1730.2857142857142,1574.5666666666666
2019-03-06,1764,1728.142857142857,1579.9666666666667
2019-03-07,1820,1727.0,1589.0333333333333
2019-03-08,1774,1728.142857142857,1603.3666666666666
2019-03-09,1600,1722.7142857142858,1605.4
2019-03-10,1819,1746.857142857143,1611.3333333333333
2019-03-11,1836,1762.7142857142858,1623.8
2019-03-12,1779,1770.2857142857142,1637.5666666666666
2019-03-13,1700,1761.142857142857,1643.1
2019-03-14,1512,1717.142857142857,1651.8333333333333
2019-03-15,1867,1730.4285714285713,1662.2666666666667
2019-03-16,1628,1734.4285714285713,1661.5
2019-03-17,1696,1716.857142857143,1662.3666666666666
2019-03-18,1845,1718.142857142857,1671.5666666666666
2019-03-19,1807,1722.142857142857,1690.4
2019-03-20,1801,1736.5714285714287,1700.0
2019-03-21,1864,1786.857142857143,1705.0333333333333
2019-03-22,1869,1787.142857142857,1720.5666666666666
2019-03-23,1728,1801.4285714285713,1716.4666666666667
2019-03-24,1736,1807.142857142857,1722.8333333333333
2019-03-25,1838,1806.142857142857,1735.7666666666667
2019-03-26,1843,1811.2857142857142,1751.0666666666666
2019-03-27,1884,1823.142857142857,1758.3
2019-03-28,1847,1820.7142857142858,1765.6333333333334
2019-03-29,1881,1822.4285714285713,1769.0333333333333
2019-03-30,1747,1825.142857142857,1766.3333333333333
2019-03-31,1791,1833.0,1767.1666666666667
2019-04-01,2007,1857.142857142857,1779.4666666666667
2019-04-02,1987,1877.7142857142858,1790.7
2019-04-03,1952,1887.4285714285713,1798.2666666666667
2019-04-04,1914,1897.0,1804.5333333333333
2019-04-05,2021,1917.0,1813.1
2019-04-06,1788,1922.857142857143,1812.0333333333333
2019-04-07,1739,1915.4285714285713,1810.8666666666666
2019-04-08,2014,1916.4285714285713,1824.6666666666667
2019-04-09,1925,1907.5714285714287,1828.2
2019-04-10,1951,1907.4285714285713,1832.0333333333333
2019-04-11,2000,1919.7142857142858,1839.4
2019-04-12,1997,1916.2857142857142,1849.3
2019-04-13,1818,1920.5714285714287,1859.5
2019-04-14,1095,1828.5714285714287,1833.7666666666667
2019-04-15,1723,1787.0,1836.9333333333334
2019-04-16,1879,1780.4285714285713,1843.0333333333333
2019-04-17,1850,1766.0,1843.2
2019-04-18,1960,1760.2857142857142,1848.3
2019-04-19,1784,1729.857142857143,1847.7333333333333
2019-04-20,1712,1714.7142857142858,1842.6666666666667
2019-04-21,1586,1784.857142857143,1833.2333333333333
2019-04-22,1931,1814.5714285714287,1840.0
2019-04-23,1908,1818.7142857142858,1845.7333333333333
2019-04-24,1649,1790.0,1839.4333333333334
2019-04-25,1855,1775.0,1839.8333333333333
2019-04-26,1944,1797.857142857143,1841.8333333333333
2019-04-27,1489,1766.0,1829.9
2019-04-28,1480,1750.857142857143,1816.5333333333333
2019-04-29,1871,1742.2857142857142,1820.6666666666667
2019-04-30,1704,1713.142857142857,1817.7666666666667
2019-05-01,1990,1761.857142857143,1817.2
2019-05-02,1807,1755.0,1811.2
2019-05-03,1779,1731.4285714285713,1805.4333333333334
2019-05-04,1713,1763.4285714285713,1798.7333333333333
2019-05-05,1862,1818.0,1793.4333333333334
2019-05-06,1903,1822.5714285714287,1797.2666666666667
2019-05-07,1848,1843.142857142857,1800.9
2019-05-08,1807,1817.0,1794.0
2019-05-09,2089,1857.2857142857142,1799.4666666666667
2019-05-10,1927,1878.4285714285713,1798.6666666666667
2019-05-11,1661,1871.0,1787.3666666666666
2019-05-12,1674,1844.142857142857,1776.6
2019-05-13,1842,1835.4285714285713,1777.4
2019-05-14,1882,1840.2857142857142,1803.6333333333334
2019-05-15,1982,1865.2857142857142,1812.2666666666667
2019-05-16,2056,1860.5714285714287,1818.1666666666667
2019-05-17,1504,1800.142857142857,1806.6333333333334
2019-05-18,1481,1774.4285714285713,1790.6666666666667
2019-05-19,1737,1783.4285714285713,1789.1
2019-05-20,1968,1801.4285714285713,1797.6333333333334
2019-05-21,1348,1725.142857142857,1789.7
2019-05-22,1762,1693.7142857142858,1784.0666666666666
2019-05-23,2035,1690.7142857142858,1788.3
2019-05-24,1456,1683.857142857143,1781.8666666666666
2019-05-25,1690,1713.7142857142858,1776.3666666666666
2019-05-26,1179,1634.0,1750.8666666666666
2019-05-27,990,1494.2857142857142,1734.2333333333333
2019-05-28,1500,1516.0,1734.9
2019-05-29,1575,1489.2857142857142,1725.0333333333333
2019-05-30,1696,1440.857142857143,1724.7666666666667
2019-05-31,1907,1505.2857142857142,1722.0
2019-06-01,1444,1470.142857142857,1709.9
2019-06-02,1403,1502.142857142857,1697.3666666666666
2019-06-03,1331,1550.857142857143,1684.6333333333334
2019-06-04,1982,1619.7142857142858,1688.6333333333334
2019-06-05,1980,1677.5714285714287,1691.2
2019-06-06,1363,1630.0,1675.0333333333333
2019-06-07,1392,1556.4285714285713,1661.2
2019-06-08,1047,1499.7142857142858,1626.4666666666667
2019-06-09,888,1426.142857142857,1591.8333333333333
2019-06-10,1613,1466.4285714285713,1590.2333333333333
2019-06-11,1828,1444.4285714285713,1595.3666666666666
2019-06-12,1763,1413.4285714285713,1592.7333333333333
2019-06-13,1897,1489.7142857142858,1593.2333333333333
2019-06-14,2059,1585.0,1595.8
2019-06-15,1616,1666.2857142857142,1581.1333333333334
2019-06-16,1006,1683.142857142857,1564.5333333333333
2019-06-17,1130,1614.142857142857,1552.8333333333333
2019-06-18,1320,1541.5714285714287,1538.9333333333334
2019-06-19,1221,1464.142857142857,1514.0333333333333
2019-06-20,1158,1358.5714285714287,1507.7
2019-06-21,1251,1243.142857142857,1490.6666666666667
2019-06-22,1134,1174.2857142857142,1460.6333333333334
2019-06-23,1402,1230.857142857143,1458.8333333333333
2019-06-24,2072,1365.4285714285713,1471.5666666666666
2019-06-25,2249,1498.142857142857,1507.2333333333333
2019-06-26,1943,1601.2857142857142,1539.0
2019-06-27,1592,1663.2857142857142,1542.0666666666666
2019-06-28,1655,1721.0,1544.7333333333333
2019-06-29,1621,1790.5714285714287,1542.2333333333333
2019-06-30,1237,1767.0,1519.9
2019-07-01,2242,1791.2857142857142,1546.5
2019-07-02,2018,1758.2857142857142,1567.0
2019-07-03,1461,1689.4285714285713,1571.3333333333333
2019-07-04,1858,1727.4285714285713,1567.2
2019-07-05,1655,1727.4285714285713,1556.3666666666666
2019-07-06,2039,1787.142857142857,1578.9
2019-07-07,2122,1913.5714285714287,1603.2333333333333
2019-07-08,2307,1922.857142857143,1645.2333333333333
2019-07-09,2289,1961.5714285714287,1691.9333333333334
2019-07-10,2273,2077.5714285714284,1713.9333333333334
2019-07-11,1678,2051.8571428571427,1708.9333333333334
2019-07-12,2199,2129.5714285714284,1723.4666666666667
2019-07-13,2061,2132.714285714286,1728.9333333333334
2019-07-14,1357,2023.4285714285713,1705.5333333333333
2019-07-15,2233,2012.857142857143,1726.1
2019-07-16,2276,2011.0,1768.4333333333334
2019-07-17,1578,1911.7142857142858,1783.3666666666666
2019-07-18,1263,1852.4285714285713,1781.4666666666667
2019-07-19,2368,1876.5714285714287,1819.7
2019-07-20,1820,1842.142857142857,1841.7666666666667
2019-07-21,1542,1868.5714285714287,1851.4666666666667
2019-07-22,1525,1767.4285714285713,1864.5
2019-07-23,1812,1701.142857142857,1878.1666666666667
2019-07-24,1435,1680.7142857142858,1856.9333333333334
2019-07-25,2200,1814.5714285714287,1855.3
2019-07-26,2293,1803.857142857143,1866.9666666666667
2019-07-27,2136,1849.0,1885.1
2019-07-28,2160,1937.2857142857142,1901.9333333333334
2019-07-29,1905,1991.5714285714287,1911.4
2019-07-30,1753,1983.142857142857,1928.6
2019-07-31,1367,1973.4285714285713,1899.4333333333334
2019-08-01,1607,1888.7142857142858,1885.7333333333333
2019-08-02,1902,1832.857142857143,1900.4333333333334
2019-08-03,1611,1757.857142857143,1892.2
2019-08-04,1791,1705.142857142857,1896.7333333333333
2019-08-05,2351,1768.857142857143,1907.1333333333334
2019-08-06,2252,1840.142857142857,1911.4666666666667
2019-08-07,2328,1977.4285714285713,1912.1666666666667
2019-08-08,2410,2092.1428571428573,1916.2
2019-08-09,2400,2163.285714285714,1920.4333333333334
2019-08-10,1914,2206.5714285714284,1928.3
2019-08-11,2180,2262.1428571428573,1927.6666666666667
2019-08-12,2099,2226.1428571428573,1928.9333333333334
2019-08-13,1942,2181.8571428571427,1948.4333333333334
2019-08-14,2010,2136.4285714285716,1941.0
2019-08-15,1815,2051.4285714285716,1925.6333333333334
2019-08-16,2127,2012.4285714285713,1943.9333333333334
2019-08-17,2130,2043.2857142857142,1972.8333333333333
2019-08-18,1658,1968.7142857142858,1949.1666666666667
2019-08-19,2485,2023.857142857143,1971.3333333333333
2019-08-20,1935,2022.857142857143,1984.4333333333334
2019-08-21,2341,2070.1428571428573,2011.6333333333334
2019-08-22,2489,2166.4285714285716,2034.2
2019-08-23,2396,2204.8571428571427,2066.233333333333
2019-08-24,2177,2211.5714285714284,2065.4666666666667
2019-08-25,2167,2284.285714285714,2061.266666666667
2019-08-26,2177,2240.285714285714,2062.633333333333
2019-08-27,2524,2324.4285714285716,2074.766666666667
2019-08-28,2395,2332.1428571428573,2091.1
2019-08-29,2442,2325.4285714285716,2114.0666666666666
2019-08-30,2379,2323.0,2147.8
2019-08-31,1781,2266.4285714285716,2153.6
2019-09-01,1548,2178.0,2141.8
2019-09-02,2029,2156.8571428571427,2155.733333333333
2019-09-03,1966,2077.1428571428573,2161.5666666666666
2019-09-04,2104,2035.5714285714287,2153.3333333333335
2019-09-05,1990,1971.0,2144.6
2019-09-06,2156,1939.142857142857,2138.866666666667
2019-09-07,2103,1985.142857142857,2128.633333333333
2019-09-08,1783,2018.7142857142858,2108.0666666666666
2019-09-09,1864,1995.142857142857,2106.4
2019-09-10,2311,2044.4285714285713,2110.766666666667
2019-09-11,2379,2083.714285714286,2120.1
2019-09-12,2066,2094.5714285714284,2124.233333333333
2019-09-13,2422,2132.5714285714284,2137.9666666666667
2019-09-14,2258,2154.714285714286,2152.733333333333
2019-09-15,2188,2212.5714285714284,2154.766666666667
2019-09-16,2285,2272.714285714286,2159.9333333333334
2019-09-17,2086,2240.5714285714284,2174.2
2019-09-18,2104,2201.285714285714,2161.5
2019-09-19,2254,2228.1428571428573,2172.133333333333
2019-09-20,2398,2224.714285714286,2174.0333333333333
2019-09-21,725,2005.7142857142858,2115.233333333333
2019-09-22,73,1703.5714285714287,2037.8
2019-09-23,2473,1730.4285714285713,2047.6666666666667
2019-09-24,2462,1784.142857142857,2057.5
2019-09-25,2444,1832.7142857142858,2066.4
2019-09-26,2526,1871.5714285714287,2066.4666666666667
2019-09-27,1847,1792.857142857143,2048.2
2019-09-28,1854,1954.142857142857,2028.6
2019-09-29,2256,2266.0,2024.5
2019-09-30,2536,2275.0,2049.6666666666665
2019-10-01,2520,2283.285714285714,2082.0666666666666
2019-10-02,2425,2280.5714285714284,2095.266666666667
2019-10-03,2566,2286.285714285714,2115.266666666667
2019-10-04,2523,2382.8571428571427,2129.233333333333
2019-10-05,2266,2441.714285714286,2138.4333333333334
2019-10-06,2373,2458.4285714285716,2145.6666666666665
2019-10-07,2511,2454.8571428571427,2159.266666666667
2019-10-08,2473,2448.1428571428573,2182.266666666667
2019-10-09,2452,2452.0,2201.866666666667
2019-10-10,2411,2429.8571428571427,2205.2
2019-10-11,2368,2407.714285714286,2204.8333333333335
2019-10-12,2333,2417.285714285714,2213.733333333333
2019-10-13,2337,2412.1428571428573,2210.9
2019-10-14,2504,2411.1428571428573,2219.1
2019-10-15,2486,2413.0,2229.0333333333333
2019-10-16,2480,2417.0,2235.5333333333333
2019-10-17,2503,2430.1428571428573,2249.4333333333334
2019-10-18,2533,2453.714285714286,2263.733333333333
2019-10-19,2319,2451.714285714286,2265.9
2019-10-20,2338,2451.8571428571427,2263.9
2019-10-21,2467,2446.5714285714284,2321.9666666666667
2019-10-22,2615,2465.0,2406.7
2019-10-23,2480,2465.0,2406.9333333333334
2019-10-24,2535,2469.5714285714284,2409.366666666667
2019-10-25,2550,2472.0,2412.9
2019-10-26,2317,2471.714285714286,2405.9333333333334
2019-10-27,2311,2467.8571428571427,2421.4
2019-10-28,2465,2467.5714285714284,2441.766666666667
2019-10-29,2489,2449.5714285714284,2449.5333333333333
2019-10-30,2319,2426.5714285714284,2442.3
2019-10-31,1950,2343.0,2423.3
2019-11-01,2423,2324.8571428571427,2423.233333333333
2019-11-02,2320,2325.285714285714,2415.0333333333333
2019-11-03,2130,2299.4285714285716,2401.9333333333334
2019-11-04,2517,2306.8571428571427,2410.3
2019-11-05,2478,2305.285714285714,2413.8
2019-11-06,2464,2326.0,2412.233333333333
2019-11-07,2534,2409.4285714285716,2414.266666666667
2019-11-08,2548,2427.285714285714,2417.4666666666667
2019-11-09,2364,2433.5714285714284,2415.9
2019-11-10,2235,2448.5714285714284,2411.4666666666667
2019-11-11,1413,2290.8571428571427,2380.8
2019-11-12,2266,2260.5714285714284,2378.4333333333334
2019-11-13,2491,2264.4285714285716,2378.0
2019-11-14,2523,2262.8571428571427,2379.233333333333
2019-11-15,2535,2261.0,2381.0666666666666
2019-11-16,2402,2266.4285714285716,2377.7
2019-11-17,2251,2268.714285714286,2368.3
2019-11-18,2550,2431.1428571428573,2376.0
2019-11-19,2521,2467.5714285714284,2382.1
2019-11-20,2527,2472.714285714286,2384.1
2019-11-21,2508,2470.5714285714284,2380.5333333333333
2019-11-22,2595,2479.1428571428573,2384.366666666667
2019-11-23,2431,2483.285714285714,2380.9
2019-11-24,2226,2479.714285714286,2370.1
2019-11-25,2420,2461.1428571428573,2373.5333333333333
2019-11-26,2443,2450.0,2377.9333333333334
2019-11-27,2535,2451.1428571428573,2380.266666666667
2019-11-28,2103,2393.285714285714,2367.4
2019-11-29,1321,2211.285714285714,2334.133333333333
2019-11-30,2139,2169.5714285714284,2340.4333333333334
2019-12-01,2657,2231.1428571428573,2348.233333333333
2019-12-02,2560,2251.1428571428573,2356.233333333333
2019-12-03,2615,2275.714285714286,2372.4
2019-12-04,2525,2274.285714285714,2372.6666666666665
2019-12-05,2586,2343.285714285714,2376.266666666667
2019-12-06,2541,2517.5714285714284,2378.8333333333335
2019-12-07,2324,2544.0,2371.8333333333335
2019-12-08,2185,2476.5714285714284,2359.733333333333
2019-12-09,2496,2467.4285714285716,2364.133333333333
2019-12-10,2550,2458.1428571428573,2374.633333333333
2019-12-11,2512,2456.285714285714,2411.266666666667
2019-12-12,2550,2451.1428571428573,2420.733333333333
2019-12-13,2553,2452.8571428571427,2422.8
2019-12-15,2105,2421.5714285714284,2408.866666666667
2019-12-16,2455,2460.1428571428573,2406.2
2019-12-17,2518,2463.285714285714,2410.0666666666666
2019-12-18,2346,2434.1428571428573,2413.233333333333
2019-12-19,2464,2427.285714285714,2410.366666666667
2019-12-20,2509,2421.4285714285716,2409.9666666666667
2019-12-21,2346,2391.8571428571427,2403.9333333333334
2019-12-22,2294,2418.8571428571427,2396.8
2019-12-23,2439,2416.5714285714284,2391.6
2019-12-24,2180,2368.285714285714,2383.233333333333
2019-12-25,1767,2285.5714285714284,2367.9333333333334
2019-12-26,2123,2236.8571428571427,2358.0333333333333
2019-12-27,2376,2217.8571428571427,2355.8
2019-12-28,2164,2191.8571428571427,2343.4333333333334
2019-12-29,2330,2197.0,2351.0
2019-12-30,2257,2171.0,2382.2
2019-12-31,2336,2193.285714285714,2388.766666666667
