Date,LFPG 2019,7day_rolling_LFPG 2019,30day_rolling_LFPG 2019
2019-01-01,984,984.0,984.0
2019-01-02,1110,1047.0,1047.0
2019-01-03,1128,1074.0,1074.0
2019-01-04,1116,1084.5,1084.5
2019-01-05,1026,1072.8,1072.8
2019-01-06,1113,1079.5,1079.5
2019-01-07,1081,1079.7142857142858,1079.7142857142858
2019-01-08,1044,1088.2857142857142,1075.25
2019-01-09,998,1072.2857142857142,1066.6666666666667
2019-01-10,991,1052.7142857142858,1059.1
2019-01-11,1029,1040.2857142857142,1056.3636363636363
2019-01-12,849,1015.0,1039.0833333333333
2019-01-13,885,982.4285714285714,1027.2307692307693
2019-01-14,881,953.8571428571429,1016.7857142857143
2019-01-15,808,920.1428571428571,1002.8666666666667
2019-01-16,818,894.4285714285714,991.3125
2019-01-17,841,873.0,982.4705882352941
2019-01-18,920,857.4285714285714,979.0
2019-01-19,806,851.2857142857143,969.8947368421053
2019-01-20,961,862.1428571428571,969.45
2019-01-21,1051,886.4285714285714,973.3333333333334
2019-01-22,891,898.2857142857143,969.5909090909091
2019-01-23,1032,928.8571428571429,972.304347826087
2019-01-24,1047,958.2857142857143,975.4166666666666
2019-01-25,1095,983.2857142857143,980.2
2019-01-26,919,999.4285714285714,977.8461538461538
2019-01-27,1032,1009.5714285714286,979.8518518518518
2019-01-28,1037,1007.5714285714286,981.8928571428571
2019-01-29,981,1020.4285714285714,981.8620689655172
2019-01-30,973,1012.0,981.5666666666667
2019-01-31,1062,1014.1428571428571,984.1666666666666
2019-02-01,1105,1015.5714285714286,984.0
2019-02-02,926,1016.5714285714286,977.2666666666667
2019-02-03,1027,1015.8571428571429,974.3
2019-02-04,1050,1017.7142857142857,975.1
2019-02-05,1012,1022.1428571428571,971.7333333333333
2019-02-06,1014,1028.0,969.5
2019-02-07,1052,1026.5714285714287,969.7666666666667
2019-02-08,1106,1026.7142857142858,973.3666666666667
2019-02-09,947,1029.7142857142858,971.9
2019-02-10,1052,1033.2857142857142,972.6666666666666
2019-02-11,1079,1037.4285714285713,980.3333333333334
2019-02-12,1048,1042.5714285714287,985.7666666666667
2019-02-13,1043,1046.7142857142858,991.1666666666666
2019-02-14,1111,1055.142857142857,1001.2666666666667
2019-02-15,1134,1059.142857142857,1011.8
2019-02-16,996,1066.142857142857,1016.9666666666667
2019-02-17,1084,1070.7142857142858,1022.4333333333333
2019-02-18,1109,1075.0,1032.5333333333333
2019-02-19,1068,1077.857142857143,1036.1
2019-02-20,1041,1077.5714285714287,1035.7666666666667
2019-02-21,1106,1076.857142857143,1042.9333333333334
2019-02-22,1131,1076.4285714285713,1046.2333333333333
2019-02-23,1013,1078.857142857143,1045.1
2019-02-24,1105,1081.857142857143,1045.4333333333334
2019-02-25,1100,1080.5714285714287,1051.4666666666667
2019-02-26,1073,1081.2857142857142,1052.8333333333333
2019-02-27,1082,1087.142857142857,1054.3333333333333
2019-02-28,1097,1085.857142857143,1058.2
2019-03-01,1136,1086.5714285714287,1063.6333333333334
2019-03-02,1026,1088.4285714285713,1062.4333333333334
2019-03-03,1075,1084.142857142857,1061.4333333333334
2019-03-04,1123,1087.4285714285713,1068.0
2019-03-05,1097,1090.857142857143,1070.3333333333333
2019-03-06,1105,1094.142857142857,1072.1666666666667
2019-03-07,1125,1098.142857142857,1075.9333333333334
2019-03-08,1147,1099.7142857142858,1080.3666666666666
2019-03-09,1034,1100.857142857143,1079.7666666666667
2019-03-10,1086,1102.4285714285713,1079.1
2019-03-11,1114,1101.142857142857,1084.6666666666667
2019-03-12,1113,1103.4285714285713,1086.7
2019-03-13,1105,1103.4285714285713,1087.5666666666666
2019-03-14,1119,1102.5714285714287,1089.9333333333334
2019-03-15,1145,1102.2857142857142,1093.3333333333333
2019-03-16,1011,1099.0,1090.0
2019-03-17,1091,1099.7142857142858,1088.5666666666666
2019-03-18,1110,1099.142857142857,1092.3666666666666
2019-03-19,1075,1093.7142857142858,1092.0666666666666
2019-03-20,1087,1091.142857142857,1091.3333333333333
2019-03-21,1121,1091.4285714285713,1093.1
2019-03-22,1160,1093.5714285714287,1097.0666666666666
2019-03-23,1009,1093.2857142857142,1093.8333333333333
2019-03-24,1098,1094.2857142857142,1092.7333333333333
2019-03-25,1121,1095.857142857143,1096.3333333333333
2019-03-26,1105,1100.142857142857,1096.3333333333333
2019-03-27,1084,1099.7142857142858,1095.8
2019-03-28,1112,1098.4285714285713,1097.1
2019-03-29,1155,1097.7142857142858,1099.5333333333333
2019-03-30,1024,1099.857142857143,1097.1
2019-03-31,1195,1113.7142857142858,1099.0666666666666
2019-04-01,1213,1126.857142857143,1105.3
2019-04-02,1176,1137.0,1108.6666666666667
2019-04-03,1203,1154.0,1111.3333333333333
2019-04-04,1241,1172.4285714285713,1116.1333333333334
2019-04-05,1246,1185.4285714285713,1120.8333333333333
2019-04-06,1134,1201.142857142857,1121.1333333333334
2019-04-07,1210,1203.2857142857142,1123.2333333333333
2019-04-08,1224,1204.857142857143,1129.5666666666666
2019-04-09,1196,1207.7142857142858,1133.2333333333333
2019-04-10,1218,1209.857142857143,1136.7
2019-04-11,1254,1211.7142857142858,1141.4
2019-04-12,1277,1216.142857142857,1147.1333333333334
2019-04-13,1162,1220.142857142857,1148.5666666666666
2019-04-14,1242,1224.7142857142858,1151.8
2019-04-15,1231,1225.7142857142858,1159.1333333333334
2019-04-16,1228,1230.2857142857142,1163.7
2019-04-17,1251,1235.0,1168.4
2019-04-18,1314,1243.5714285714287,1176.3666666666666
2019-04-19,1261,1241.2857142857142,1182.1666666666667
2019-04-20,1178,1243.5714285714287,1184.0666666666666
2019-04-21,1232,1242.142857142857,1186.4666666666667
2019-04-22,1223,1241.0,1193.6
2019-04-23,1229,1241.142857142857,1197.9666666666667
2019-04-24,1240,1239.5714285714287,1201.9333333333334
2019-04-25,1281,1234.857142857143,1207.8
2019-04-26,1276,1237.0,1214.2
2019-04-27,1192,1239.0,1216.8666666666666
2019-04-28,1280,1245.857142857143,1221.0333333333333
2019-04-29,1188,1240.857142857143,1226.5
2019-04-30,1197,1236.2857142857142,1226.5666666666666
2019-05-01,1169,1226.142857142857,1225.1
2019-05-02,1228,1218.5714285714287,1226.8333333333333
2019-05-03,1301,1222.142857142857,1230.1
2019-05-04,1137,1214.2857142857142,1226.6333333333334
2019-05-05,1272,1213.142857142857,1227.5
2019-05-06,1266,1224.2857142857142,1231.9
2019-05-07,1219,1227.4285714285713,1232.2
2019-05-08,1174,1228.142857142857,1230.5333333333333
2019-05-09,1158,1218.142857142857,1229.2666666666667
2019-05-10,1255,1211.5714285714287,1230.5
2019-05-11,1145,1212.7142857142858,1226.8666666666666
2019-05-12,1229,1206.5714285714287,1225.2666666666667
2019-05-13,1228,1201.142857142857,1227.4666666666667
2019-05-14,1199,1198.2857142857142,1226.0333333333333
2019-05-15,1215,1204.142857142857,1225.5
2019-05-16,1241,1216.0,1225.9333333333334
2019-05-17,1230,1212.4285714285713,1225.2333333333333
2019-05-18,1155,1213.857142857143,1219.9333333333334
2019-05-19,1213,1211.5714285714287,1218.3333333333333
2019-05-20,1235,1212.5714285714287,1220.2333333333333
2019-05-21,1180,1209.857142857143,1218.5
2019-05-22,1214,1209.7142857142858,1218.2
2019-05-23,1234,1208.7142857142858,1218.3666666666666
2019-05-24,1272,1214.7142857142858,1219.4333333333334
2019-05-25,1136,1212.0,1214.6
2019-05-26,1223,1213.4285714285713,1212.8333333333333
2019-05-27,1230,1212.7142857142858,1214.1
2019-05-28,1246,1222.142857142857,1212.9666666666667
2019-05-29,1243,1226.2857142857142,1214.8
2019-05-30,1243,1227.5714285714287,1216.3333333333333
2019-05-31,1150,1210.142857142857,1215.7
2019-06-01,1146,1211.5714285714287,1212.9666666666667
2019-06-02,1255,1216.142857142857,1211.4333333333334
2019-06-03,1257,1220.0,1215.4333333333334
2019-06-04,1242,1219.4285714285713,1214.4333333333334
2019-06-05,1254,1221.0,1214.0333333333333
2019-06-06,1269,1224.7142857142858,1215.7
2019-06-07,1208,1233.0,1216.8333333333333
2019-06-08,1133,1231.142857142857,1216.0
2019-06-09,1238,1228.7142857142858,1215.4333333333334
2019-06-10,1265,1229.857142857143,1219.4333333333334
2019-06-11,1264,1233.0,1220.6
2019-06-12,1266,1234.7142857142858,1221.8666666666666
2019-06-13,1260,1233.4285714285713,1223.9
2019-06-14,1264,1241.4285714285713,1225.5333333333333
2019-06-15,1117,1239.142857142857,1221.4
2019-06-16,1222,1236.857142857143,1221.1333333333334
2019-06-17,1247,1234.2857142857142,1224.2
2019-06-18,1268,1234.857142857143,1226.0333333333333
2019-06-19,1253,1233.0,1226.6333333333334
2019-06-20,1306,1239.5714285714287,1230.8333333333333
2019-06-21,1287,1242.857142857143,1233.2666666666667
2019-06-22,1172,1250.7142857142858,1231.2
2019-06-23,1265,1256.857142857143,1230.9666666666667
2019-06-24,1282,1261.857142857143,1235.8333333333333
2019-06-25,1287,1264.5714285714287,1237.9666666666667
2019-06-26,1233,1261.7142857142858,1238.0666666666666
2019-06-27,1260,1255.142857142857,1238.5333333333333
2019-06-28,1291,1255.7142857142858,1240.1333333333334
2019-06-29,1174,1256.0,1237.8333333333333
2019-06-30,1249,1253.7142857142858,1241.1333333333334
2019-07-01,1326,1260.0,1247.1333333333334
2019-07-02,1305,1262.5714285714287,1248.8
2019-07-03,1293,1271.142857142857,1250.0
2019-07-04,1338,1282.2857142857142,1253.2
2019-07-05,1336,1288.7142857142858,1255.9333333333334
2019-07-06,1187,1290.5714285714287,1253.2
2019-07-07,1268,1293.2857142857142,1255.2
2019-07-08,1346,1296.142857142857,1262.3
2019-07-09,1342,1301.4285714285713,1265.7666666666667
2019-07-10,1329,1306.5714285714287,1267.9
2019-07-11,1318,1303.7142857142858,1269.7
2019-07-12,1368,1308.2857142857142,1273.1
2019-07-13,1213,1312.0,1271.5333333333333
2019-07-14,1262,1311.142857142857,1271.4666666666667
2019-07-15,1351,1311.857142857143,1279.2666666666667
2019-07-16,1336,1311.0,1283.0666666666666
2019-07-17,1175,1289.0,1280.6666666666667
2019-07-18,1347,1293.142857142857,1283.3
2019-07-19,1329,1287.5714285714287,1285.8333333333333
2019-07-20,1232,1290.2857142857142,1283.3666666666666
2019-07-21,1254,1289.142857142857,1282.2666666666667
2019-07-22,1334,1286.7142857142858,1287.6666666666667
2019-07-23,1308,1282.7142857142858,1289.1
2019-07-24,1299,1300.4285714285713,1289.6666666666667
2019-07-25,1328,1297.7142857142858,1291.0333333333333
2019-07-26,1329,1297.7142857142858,1294.2333333333333
2019-07-27,1236,1298.2857142857142,1293.4333333333334
2019-07-28,1262,1299.4285714285713,1292.4666666666667
2019-07-29,1342,1300.5714285714287,1298.0666666666666
2019-07-30,1337,1304.7142857142858,1301.0
2019-07-31,1308,1306.0,1300.4
2019-08-01,1365,1311.2857142857142,1302.4
2019-08-02,1349,1314.142857142857,1304.2666666666667
2019-08-03,1157,1302.857142857143,1298.2333333333333
2019-08-04,1275,1304.7142857142858,1296.2
2019-08-05,1356,1306.7142857142858,1301.8333333333333
2019-08-06,1328,1305.4285714285713,1303.8333333333333
2019-08-07,1331,1308.7142857142858,1303.3333333333333
2019-08-08,1343,1305.5714285714287,1303.3666666666666
2019-08-09,1316,1300.857142857143,1302.9333333333334
2019-08-10,1241,1312.857142857143,1300.3666666666666
2019-08-11,1279,1313.4285714285713,1297.4
2019-08-12,1342,1311.4285714285713,1301.7
2019-08-13,1305,1308.142857142857,1303.1333333333334
2019-08-14,1286,1301.7142857142858,1300.9666666666667
2019-08-15,1336,1300.7142857142858,1300.9666666666667
2019-08-16,1356,1306.4285714285713,1307.0
2019-08-17,1236,1305.7142857142858,1303.3
2019-08-18,1219,1297.142857142857,1299.6333333333334
2019-08-19,1342,1297.142857142857,1303.3
2019-08-20,1240,1287.857142857143,1302.8333333333333
2019-08-21,1327,1293.7142857142858,1302.6
2019-08-22,1359,1297.0,1304.3
2019-08-23,1379,1300.2857142857142,1306.9666666666667
2019-08-24,1255,1303.0,1304.5333333333333
2019-08-25,1298,1314.2857142857142,1303.5
2019-08-26,1406,1323.4285714285713,1309.1666666666667
2019-08-27,1373,1342.4285714285713,1312.8666666666666
2019-08-28,1277,1335.2857142857142,1310.7
2019-08-29,1403,1341.5714285714287,1312.9
2019-08-30,1391,1343.2857142857142,1315.6666666666667
2019-08-31,1253,1343.0,1311.9333333333334
2019-09-01,1310,1344.7142857142858,1310.6333333333334
2019-09-02,1393,1342.857142857143,1318.5
2019-09-03,1386,1344.7142857142858,1322.2
2019-09-04,1338,1353.4285714285713,1321.6
2019-09-05,1394,1352.142857142857,1323.8
2019-09-06,1371,1349.2857142857142,1325.1333333333334
2019-09-07,1228,1345.7142857142858,1321.3
2019-09-08,1299,1344.142857142857,1320.7333333333333
2019-09-09,1336,1336.0,1323.9
2019-09-10,1312,1325.4285714285713,1325.0
2019-09-11,1292,1318.857142857143,1323.3333333333333
2019-09-12,1344,1311.7142857142858,1324.6333333333334
2019-09-13,1335,1306.5714285714287,1326.2666666666667
2019-09-14,1218,1305.142857142857,1322.3333333333333
2019-09-15,1284,1303.0,1319.9333333333334
2019-09-16,1335,1302.857142857143,1323.2333333333333
2019-09-17,1335,1306.142857142857,1327.1
2019-09-18,1332,1311.857142857143,1326.7666666666667
2019-09-19,1367,1315.142857142857,1331.0
2019-09-20,1351,1317.4285714285713,1331.8
2019-09-21,420,1203.4285714285713,1300.5
2019-09-23,1305,1206.4285714285713,1298.0333333333333
2019-09-22,2,1016.0,1256.2666666666667
2019-09-24,1320,1013.8571428571429,1257.0
2019-09-25,1348,1016.1428571428571,1255.0666666666666
2019-09-26,1344,1012.8571428571429,1254.1
2019-09-27,1364,1014.7142857142857,1257.0
2019-09-28,1230,1130.4285714285713,1251.2333333333333
2019-09-29,1291,1128.4285714285713,1247.9
2019-09-30,1323,1317.142857142857,1250.2333333333333
2019-10-01,1290,1312.857142857143,1249.5666666666666
2019-10-02,1306,1306.857142857143,1246.6666666666667
2019-10-03,1323,1303.857142857143,1244.5666666666666
2019-10-04,1364,1303.857142857143,1245.4333333333334
2019-10-05,1227,1303.4285714285713,1239.8666666666666
2019-10-06,1281,1302.0,1236.8666666666666
2019-10-07,1304,1299.2857142857142,1239.4
2019-10-08,1284,1298.4285714285713,1238.9
2019-10-09,1264,1292.4285714285713,1236.5
2019-10-10,1294,1288.2857142857142,1235.9
2019-10-11,1301,1279.2857142857142,1236.2
2019-10-12,1218,1278.0,1232.0
2019-10-13,1267,1276.0,1229.7333333333333
2019-10-14,1292,1274.2857142857142,1232.2
2019-10-15,1308,1277.7142857142858,1233.0
2019-10-16,1270,1278.5714285714287,1230.8333333333333
2019-10-17,1327,1283.2857142857142,1230.5666666666666
2019-10-18,1348,1290.0,1231.1
2019-10-19,1247,1294.142857142857,1227.1
2019-10-20,1290,1297.4285714285713,1225.0666666666666
2019-10-21,1296,1298.0,1254.2666666666667
2019-10-22,1288,1295.142857142857,1253.7
2019-10-23,1319,1302.142857142857,1297.6
2019-10-24,1344,1304.5714285714287,1298.4
2019-10-25,1311,1299.2857142857142,1297.1666666666667
2019-10-26,1232,1297.142857142857,1293.4333333333334
2019-10-27,1196,1283.7142857142858,1287.8333333333333
2019-10-28,1193,1269.0,1286.6
2019-10-29,1156,1250.142857142857,1282.1
2019-10-30,1196,1232.5714285714287,1277.8666666666666
2019-10-31,1171,1207.857142857143,1273.9
2019-11-01,1190,1190.5714285714287,1270.0333333333333
2019-11-02,1106,1172.5714285714287,1262.8
2019-11-03,1186,1171.142857142857,1256.8666666666666
2019-11-04,1215,1174.2857142857142,1256.4666666666667
2019-11-05,1165,1175.5714285714287,1252.6
2019-11-06,1173,1172.2857142857142,1248.2333333333333
2019-11-07,1187,1174.5714285714287,1245.0
2019-11-08,1223,1179.2857142857142,1243.6333333333334
2019-11-09,1069,1174.0,1236.1333333333334
2019-11-10,1125,1165.2857142857142,1230.2666666666667
2019-11-11,1170,1158.857142857143,1228.6666666666667
2019-11-12,1142,1155.5714285714287,1224.5
2019-11-13,1139,1150.7142857142858,1219.4
2019-11-14,1163,1147.2857142857142,1214.5666666666666
2019-11-15,1205,1144.7142857142858,1212.4
2019-11-16,1045,1141.2857142857142,1203.0
2019-11-17,1130,1142.0,1195.7333333333333
2019-11-18,1173,1142.4285714285713,1193.2666666666667
2019-11-19,1094,1135.5714285714287,1186.7333333333333
2019-11-20,1115,1132.142857142857,1180.7
2019-11-21,1154,1130.857142857143,1176.2333333333333
2019-11-22,1201,1130.2857142857142,1172.3
2019-11-23,1016,1126.142857142857,1161.3666666666666
2019-11-24,1119,1124.5714285714287,1154.9666666666667
2019-11-25,1120,1117.0,1151.2333333333333
2019-11-26,1114,1119.857142857143,1148.5
2019-11-27,1132,1122.2857142857142,1146.4666666666667
2019-11-28,1148,1121.4285714285713,1146.2
2019-11-29,1174,1117.5714285714287,1145.4666666666667
2019-11-30,1007,1116.2857142857142,1140.0
2019-12-01,1066,1108.7142857142858,1135.8666666666666
2019-12-02,1125,1109.4285714285713,1136.5
2019-12-03,1130,1111.7142857142858,1134.6333333333334
2019-12-04,1141,1113.0,1132.1666666666667
2019-12-05,940,1083.2857142857142,1124.6666666666667
2019-12-06,1077,1069.4285714285713,1121.4666666666667
2019-12-07,1044,1074.7142857142858,1116.7
2019-12-08,1136,1084.7142857142858,1113.8
2019-12-09,1162,1090.0,1116.9
2019-12-10,1005,1072.142857142857,1112.9
2019-12-11,1129,1070.4285714285713,1111.5333333333333
2019-12-12,1141,1099.142857142857,1111.5
2019-12-13,1137,1107.7142857142858,1111.4333333333334
2019-12-15,1095,1115.0,1109.1666666666667
2019-12-16,1171,1120.0,1108.0333333333333
2019-12-17,1086,1109.142857142857,1109.4
2019-12-18,1137,1128.0,1109.6333333333334
2019-12-19,1202,1138.4285714285713,1110.6
2019-12-20,1262,1155.7142857142858,1116.2
2019-12-21,1094,1149.5714285714287,1115.5
2019-12-22,1135,1155.2857142857142,1114.8666666666666
2019-12-23,1181,1156.7142857142858,1114.2
2019-12-24,1056,1152.4285714285713,1115.5333333333333
2019-12-25,881,1115.857142857143,1107.6
2019-12-26,1092,1100.142857142857,1106.6666666666667
2019-12-27,1138,1082.4285714285713,1107.4666666666667
2019-12-28,1064,1078.142857142857,1105.2
2019-12-29,1148,1080.0,1105.2
2019-12-30,1163,1077.4285714285713,1104.8333333333333
2019-12-31,1033,1074.142857142857,1105.7
