Date,LFPG 2020,7day_rolling_LFPG 2020,30day_rolling_LFPG 2020
2020-01-01,1002,1002.0,1002.0
2020-01-02,1080,1041.0,1041.0
2020-01-03,1134,1072.0,1072.0
2020-01-04,1088,1076.0,1076.0
2020-01-05,1136,1088.0,1088.0
2020-01-06,1170,1101.6666666666667,1101.6666666666667
2020-01-07,1046,1093.7142857142858,1093.7142857142858
2020-01-08,1040,1099.142857142857,1087.0
2020-01-09,1091,1100.7142857142858,1087.4444444444443
2020-01-10,1136,1101.0,1092.3
2020-01-11,975,1084.857142857143,1081.6363636363637
2020-01-12,1030,1069.7142857142858,1077.3333333333333
2020-01-13,1034,1050.2857142857142,1074.0
2020-01-14,1010,1045.142857142857,1069.4285714285713
2020-01-15,1025,1043.0,1066.4666666666667
2020-01-16,1051,1037.2857142857142,1065.5
2020-01-17,1122,1035.2857142857142,1068.8235294117646
2020-01-18,911,1026.142857142857,1060.0555555555557
2020-01-19,1018,1024.4285714285713,1057.842105263158
2020-01-20,1033,1024.2857142857142,1056.6
2020-01-21,993,1021.8571428571429,1053.5714285714287
2020-01-22,1005,1019.0,1051.3636363636363
2020-01-23,1079,1023.0,1052.5652173913043
2020-01-24,1104,1020.4285714285714,1054.7083333333333
2020-01-25,892,1017.7142857142857,1048.2
2020-01-26,993,1014.1428571428571,1046.076923076923
2020-01-27,1068,1019.1428571428571,1046.888888888889
2020-01-28,998,1019.8571428571429,1045.142857142857
2020-01-29,1026,1022.8571428571429,1044.4827586206898
2020-01-30,1010,1013.0,1043.3333333333333
2020-01-31,1092,1011.2857142857143,1046.3333333333333
2020-02-01,971,1022.5714285714286,1042.7
2020-02-02,1078,1034.7142857142858,1040.8333333333333
2020-02-03,1103,1039.7142857142858,1041.3333333333333
2020-02-04,1046,1046.5714285714287,1038.3333333333333
2020-02-05,1061,1051.5714285714287,1034.7
2020-02-06,1090,1063.0,1036.1666666666667
2020-02-07,1120,1067.0,1038.8333333333333
2020-02-08,1007,1072.142857142857,1036.0333333333333
2020-02-09,999,1060.857142857143,1031.4666666666667
2020-02-10,1090,1059.0,1035.3
2020-02-11,1107,1067.7142857142858,1037.8666666666666
2020-02-12,1126,1077.0,1040.9333333333334
2020-02-13,1136,1083.5714285714287,1045.1333333333334
2020-02-14,1131,1085.142857142857,1048.6666666666667
2020-02-15,992,1083.0,1046.7
2020-02-16,1102,1097.7142857142858,1046.0333333333333
2020-02-17,1152,1106.5714285714287,1054.0666666666666
2020-02-18,1127,1109.4285714285713,1057.7
2020-02-19,1118,1108.2857142857142,1060.5333333333333
2020-02-20,1144,1109.4285714285713,1065.5666666666666
2020-02-21,1217,1121.7142857142858,1072.6333333333334
2020-02-22,1047,1129.5714285714287,1071.5666666666666
2020-02-23,1165,1138.5714285714287,1073.6
2020-02-24,1154,1138.857142857143,1082.3333333333333
2020-02-25,1128,1139.0,1086.8333333333333
2020-02-26,1137,1141.7142857142858,1089.1333333333334
2020-02-27,1155,1143.2857142857142,1094.3666666666666
2020-02-28,1189,1139.2857142857142,1099.8
2020-02-29,1038,1138.0,1100.7333333333333
2020-03-01,1142,1134.7142857142858,1102.4
2020-03-02,1151,1134.2857142857142,1108.4
2020-03-03,1105,1131.0,1109.3
2020-03-04,1120,1128.5714285714287,1109.8666666666666
2020-03-05,1121,1123.7142857142858,1112.3666666666666
2020-03-06,1167,1120.5714285714287,1115.9
2020-03-07,1007,1116.142857142857,1113.1333333333334
2020-03-08,1084,1107.857142857143,1111.9333333333334
2020-03-09,1034,1091.142857142857,1112.8333333333333
2020-03-10,993,1075.142857142857,1112.6333333333334
2020-03-11,984,1055.7142857142858,1109.1
2020-03-12,1003,1038.857142857143,1105.6333333333334
2020-03-13,1046,1021.5714285714286,1102.9666666666667
2020-03-14,855,999.8571428571429,1093.6
2020-03-15,872,969.5714285714286,1084.9666666666667
2020-03-16,779,933.1428571428571,1077.8666666666666
2020-03-17,678,888.1428571428571,1063.7333333333333
2020-03-18,664,842.4285714285714,1047.4666666666667
2020-03-19,585,782.7142857142857,1029.4
2020-03-20,540,710.4285714285714,1010.1333333333333
2020-03-21,392,644.2857142857143,985.0666666666667
2020-03-22,377,573.5714285714286,957.0666666666667
2020-03-23,260,499.42857142857144,930.8333333333334
2020-03-24,251,438.42857142857144,900.3666666666667
2020-03-25,258,380.42857142857144,870.5
2020-03-26,259,333.85714285714283,841.5333333333333
2020-03-27,210,286.7142857142857,810.6333333333333
2020-03-28,170,255.0,777.8
2020-03-29,145,221.85714285714286,743.0
2020-03-30,124,202.42857142857142,712.5333333333333
2020-03-31,159,189.28571428571428,679.7666666666667
2020-04-01,161,175.42857142857142,646.7666666666667
2020-04-02,147,159.42857142857142,614.8333333333334
2020-04-03,121,146.71428571428572,581.5333333333333
2020-04-04,122,139.85714285714286,548.2333333333333
2020-04-05,103,133.85714285714286,512.7666666666667
2020-04-06,121,133.42857142857142,483.23333333333335
2020-04-07,141,130.85714285714286,451.8
2020-04-08,143,128.28571428571428,422.1
2020-04-09,134,126.42857142857143,393.46666666666664
2020-04-10,127,127.28571428571429,364.9
2020-04-11,115,126.28571428571429,335.3
2020-04-12,88,124.14285714285714,303.3666666666667
2020-04-13,89,119.57142857142857,277.8333333333333
2020-04-14,122,116.85714285714286,252.83333333333334
2020-04-15,135,115.71428571428571,231.36666666666667
2020-04-16,136,116.0,213.3
2020-04-17,112,113.85714285714286,194.9
2020-04-18,115,113.85714285714286,179.23333333333332
2020-04-19,96,115.0,164.43333333333334
2020-04-20,116,118.85714285714286,155.23333333333332
2020-04-21,131,120.14285714285714,147.03333333333333
2020-04-22,147,121.85714285714286,143.26666666666668
2020-04-23,150,123.85714285714286,139.9
2020-04-24,114,124.14285714285714,135.1
2020-04-25,136,127.14285714285714,131.0
2020-04-26,99,127.57142857142857,127.3
2020-04-27,110,126.71428571428571,125.3
2020-04-28,148,129.14285714285714,125.4
2020-04-29,162,131.28571428571428,126.66666666666667
2020-04-30,150,131.28571428571428,126.36666666666666
2020-05-01,123,132.57142857142858,125.1
2020-05-02,121,130.42857142857142,124.23333333333333
2020-05-03,114,132.57142857142858,124.0
2020-05-04,114,133.14285714285714,123.73333333333333
2020-05-05,161,135.0,125.66666666666667
2020-05-06,159,134.57142857142858,126.93333333333334
2020-05-07,167,137.0,127.8
2020-05-08,151,141.0,128.06666666666666
2020-05-09,133,142.71428571428572,128.03333333333333
2020-05-10,127,144.57142857142858,128.03333333333333
2020-05-11,152,150.0,129.26666666666668
2020-05-12,185,153.42857142857142,132.5
2020-05-13,186,157.28571428571428,135.73333333333332
2020-05-14,214,164.0,138.8
2020-05-15,201,171.14285714285714,141.0
2020-05-16,170,176.42857142857142,142.13333333333333
2020-05-17,146,179.14285714285714,143.26666666666668
2020-05-18,162,180.57142857142858,144.83333333333334
2020-05-19,178,179.57142857142858,147.56666666666666
2020-05-20,210,183.0,150.7
2020-05-21,201,181.14285714285714,153.03333333333333
2020-05-22,195,180.28571428571428,154.63333333333333
2020-05-23,159,178.71428571428572,154.93333333333334
2020-05-24,170,182.14285714285714,156.8
2020-05-25,171,183.42857142857142,157.96666666666667
2020-05-26,189,185.0,160.96666666666667
2020-05-27,233,188.28571428571428,165.06666666666666
2020-05-28,209,189.42857142857142,167.1
2020-05-29,210,191.57142857142858,168.7
2020-05-30,181,194.71428571428572,169.73333333333332
2020-05-31,174,195.28571428571428,171.43333333333334
2020-06-01,192,198.28571428571428,173.8
2020-06-02,228,203.85714285714286,177.6
2020-06-03,251,206.42857142857142,182.16666666666666
2020-06-04,250,212.28571428571428,185.13333333333333
2020-06-05,267,220.42857142857142,188.73333333333332
2020-06-06,211,224.71428571428572,190.2
2020-06-07,231,232.85714285714286,192.86666666666667
2020-06-08,256,242.0,196.96666666666667
2020-06-09,276,248.85714285714286,201.93333333333334
2020-06-10,276,252.42857142857142,206.06666666666666
2020-06-11,295,258.85714285714283,209.73333333333332
2020-06-12,300,263.57142857142856,213.53333333333333
2020-06-13,279,273.2857142857143,215.7
2020-06-14,241,274.7142857142857,217.03333333333333
2020-06-15,307,282.0,221.6
2020-06-16,301,285.57142857142856,226.76666666666668
2020-06-17,320,291.85714285714283,232.03333333333333
2020-06-18,361,301.2857142857143,238.13333333333333
2020-06-19,356,309.2857142857143,243.0
2020-06-20,296,311.7142857142857,246.16666666666666
2020-06-21,273,316.2857142857143,248.76666666666668
2020-06-22,352,322.7142857142857,255.2
2020-06-23,373,333.0,261.96666666666664
2020-06-24,371,340.2857142857143,268.6333333333333
2020-06-25,404,346.42857142857144,275.8
2020-06-26,358,346.7142857142857,279.96666666666664
2020-06-27,311,348.85714285714283,283.3666666666667
2020-06-28,296,352.14285714285717,286.23333333333335
2020-06-29,338,350.14285714285717,291.46666666666664
2020-06-30,368,349.42857142857144,297.93333333333334
2020-07-01,475,364.2857142857143,307.3666666666667
2020-07-02,487,376.14285714285717,316.0
2020-07-03,503,396.85714285714283,324.4
2020-07-04,437,414.85714285714283,330.6333333333333
2020-07-05,452,437.14285714285717,336.8
2020-07-06,492,459.14285714285717,346.1666666666667
2020-07-07,491,476.7142857142857,354.8333333333333
2020-07-08,498,480.0,362.9
2020-07-09,527,485.7142857142857,371.26666666666665
2020-07-10,531,489.7142857142857,379.76666666666665
2020-07-11,502,499.0,386.6666666666667
2020-07-12,463,500.57142857142856,392.1
2020-07-13,522,504.85714285714283,400.2
2020-07-14,521,509.14285714285717,409.53333333333336
2020-07-15,597,523.2857142857143,419.2
2020-07-16,621,536.7142857142857,429.8666666666667
2020-07-17,630,550.8571428571429,440.2
2020-07-18,560,559.1428571428571,446.8333333333333
2020-07-19,515,566.5714285714286,452.1333333333333
2020-07-20,615,579.8571428571429,462.76666666666665
2020-07-21,599,591.0,473.6333333333333
2020-07-22,617,593.8571428571429,482.46666666666664
2020-07-23,600,590.8571428571429,490.03333333333336
2020-07-24,667,596.1428571428571,499.9
2020-07-25,627,605.7142857142857,507.3333333333333
2020-07-26,625,621.4285714285714,516.2333333333333
2020-07-27,655,627.1428571428571,527.7
2020-07-28,630,631.5714285714286,538.8333333333334
2020-07-29,651,636.4285714285714,549.2666666666667
2020-07-30,595,635.7142857142857,556.8333333333334
2020-07-31,693,639.4285714285714,564.1
2020-08-01,672,645.8571428571429,570.2666666666667
2020-08-02,699,656.4285714285714,576.8
2020-08-03,686,660.8571428571429,585.1
2020-08-04,635,661.5714285714286,591.2
2020-08-05,666,663.7142857142857,597.0
2020-08-06,675,675.1428571428571,603.1333333333333
2020-08-07,681,673.4285714285714,609.2333333333333
2020-08-08,672,673.4285714285714,614.0666666666667
2020-08-09,673,669.7142857142857,618.8
2020-08-10,687,669.8571428571429,624.9666666666667
2020-08-11,642,670.8571428571429,630.9333333333333
2020-08-12,663,670.4285714285714,635.6333333333333
2020-08-13,684,671.7142857142857,641.0666666666667
2020-08-14,684,672.1428571428571,643.9666666666667
2020-08-15,578,658.7142857142857,642.5333333333333
2020-08-16,700,662.5714285714286,644.8666666666667
2020-08-17,689,662.8571428571429,649.1666666666666
2020-08-18,637,662.1428571428571,653.2333333333333
2020-08-19,671,663.2857142857143,655.1
2020-08-20,705,666.2857142857143,658.6333333333333
2020-08-21,706,669.4285714285714,661.6
2020-08-22,667,682.1428571428571,663.8333333333334
2020-08-23,714,684.1428571428571,665.4
2020-08-24,709,687.0,668.1333333333333
2020-08-25,655,689.5714285714286,669.1333333333333
2020-08-26,694,692.8571428571429,670.4333333333333
2020-08-27,714,694.1428571428571,673.2333333333333
2020-08-28,741,699.1428571428571,676.2333333333333
2020-08-29,682,701.2857142857143,679.1333333333333
2020-08-30,729,703.4285714285714,680.3333333333334
2020-08-31,660,696.4285714285714,679.9333333333333
2020-09-01,609,689.8571428571429,676.9333333333333
2020-09-02,589,674.8571428571429,673.7
2020-09-03,627,662.4285714285714,673.4333333333333
2020-09-04,633,647.0,672.3333333333334
2020-09-05,589,633.7142857142857,669.4666666666667
2020-09-06,592,614.1428571428571,666.5
2020-09-07,587,603.7142857142857,663.6666666666666
2020-09-08,526,591.8571428571429,658.7666666666667
2020-09-09,556,587.1428571428571,654.4
2020-09-10,598,583.0,652.9333333333333
2020-09-11,618,580.8571428571429,651.4333333333333
2020-09-12,577,579.1428571428571,647.8666666666667
2020-09-13,584,578.0,644.5333333333333
2020-09-14,581,577.1428571428571,644.6333333333333
2020-09-15,533,578.1428571428571,639.0666666666667
2020-09-16,547,576.8571428571429,634.3333333333334
2020-09-17,582,574.5714285714286,632.5
2020-09-18,599,571.8571428571429,630.1
2020-09-19,543,567.0,624.7
2020-09-20,551,562.2857142857143,619.5333333333333
2020-09-21,541,556.5714285714286,615.3333333333334
2020-09-22,497,551.4285714285714,608.1
2020-09-23,506,545.5714285714286,601.3333333333334
2020-09-24,555,541.7142857142857,598.0
2020-09-25,598,541.5714285714286,594.8
2020-09-26,553,543.0,589.4333333333333
2020-09-27,527,539.5714285714286,582.3
2020-09-28,506,534.5714285714286,576.4333333333333
2020-09-29,470,530.7142857142857,567.8
2020-09-30,522,533.0,563.2
2020-10-01,529,529.2857142857143,560.5333333333333
2020-10-02,539,520.8571428571429,558.8666666666667
2020-10-03,514,515.2857142857143,555.1
2020-10-04,483,509.0,550.1
2020-10-05,481,505.42857142857144,546.5
2020-10-06,452,502.85714285714283,541.8333333333334
2020-10-07,471,495.57142857142856,537.9666666666667
2020-10-08,488,489.7142857142857,536.7
2020-10-09,536,489.2857142857143,536.0333333333333
2020-10-10,488,485.57142857142856,532.3666666666667
2020-10-11,476,484.57142857142856,527.6333333333333
2020-10-12,500,487.2857142857143,525.0666666666667
2020-10-13,443,486.0,520.3666666666667
2020-10-14,459,484.2857142857143,516.3
2020-10-15,498,485.7142857142857,515.1333333333333
2020-10-16,536,485.7142857142857,514.7666666666667
2020-10-17,520,490.2857142857143,512.7
2020-10-18,494,492.85714285714283,509.2
2020-10-19,472,488.85714285714283,506.8333333333333
2020-10-20,449,489.7142857142857,503.43333333333334
2020-10-21,456,489.2857142857143,500.6
2020-10-22,490,488.14285714285717,500.3666666666667
2020-10-23,519,485.7142857142857,500.8
2020-10-24,511,484.42857142857144,499.3333333333333
2020-10-25,504,485.85714285714283,496.2
2020-10-26,480,487.0,493.76666666666665
2020-10-27,451,487.2857142857143,491.23333333333335
2020-10-28,475,490.0,490.2
2020-10-29,517,493.85714285714283,491.76666666666665
2020-10-30,523,494.42857142857144,491.8
2020-10-31,495,492.14285714285717,490.6666666666667
