Date,RJTT 2019,7day_rolling_RJTT 2019,30day_rolling_RJTT 2019
2019-01-01,808,808.0,808.0
2019-01-02,715,761.5,761.5
2019-01-03,710,744.3333333333334,744.3333333333334
2019-01-04,784,754.25,754.25
2019-01-05,659,735.2,735.2
2019-01-06,308,664.0,664.0
2019-01-07,409,627.5714285714286,627.5714285714286
2019-01-08,428,573.2857142857143,602.625
2019-01-09,361,522.7142857142857,575.7777777777778
2019-01-10,701,521.4285714285714,588.3
2019-01-11,646,501.7142857142857,593.5454545454545
2019-01-12,748,514.4285714285714,606.4166666666666
2019-01-13,703,570.8571428571429,613.8461538461538
2019-01-14,690,611.0,619.2857142857143
2019-01-15,581,632.8571428571429,616.7333333333333
2019-01-16,287,622.2857142857143,596.125
2019-01-17,298,564.7142857142857,578.5882352941177
2019-01-18,417,532.0,569.6111111111111
2019-01-19,694,524.2857142857143,576.1578947368421
2019-01-20,622,512.7142857142857,578.45
2019-01-21,632,504.42857142857144,581.0
2019-01-22,393,477.57142857142856,572.4545454545455
2019-01-23,359,487.85714285714283,563.1739130434783
2019-01-24,399,502.2857142857143,556.3333333333334
2019-01-25,658,536.7142857142857,560.4
2019-01-26,673,533.7142857142857,564.7307692307693
2019-01-27,606,531.4285714285714,566.2592592592592
2019-01-28,484,510.2857142857143,563.3214285714286
2019-01-29,344,503.2857142857143,555.7586206896551
2019-01-30,312,496.57142857142856,547.6333333333333
2019-01-31,363,491.42857142857144,532.8
2019-02-01,695,496.7142857142857,532.1333333333333
2019-02-02,653,493.85714285714283,530.2333333333333
2019-02-03,587,491.14285714285717,523.6666666666666
2019-02-04,665,517.0,523.8666666666667
2019-02-05,383,522.5714285714286,526.3666666666667
2019-02-06,206,507.42857142857144,519.6
2019-02-07,369,508.2857142857143,517.6333333333333
2019-02-08,580,491.85714285714283,524.9333333333333
2019-02-09,658,492.57142857142856,523.5
2019-02-10,625,498.0,522.8
2019-02-11,743,509.14285714285717,522.6333333333333
2019-02-12,620,543.0,519.8666666666667
2019-02-13,399,570.5714285714286,510.1666666666667
2019-02-14,197,546.0,497.3666666666667
2019-02-15,378,517.1428571428571,500.4
2019-02-16,693,522.1428571428571,513.5666666666667
2019-02-17,508,505.42857142857144,516.6
2019-02-18,580,482.14285714285717,512.8
2019-02-19,319,439.14285714285717,502.7
2019-02-20,408,440.42857142857144,495.23333333333335
2019-02-21,249,447.85714285714283,490.43333333333334
2019-02-22,502,465.57142857142856,495.2
2019-02-23,595,451.57142857142856,501.73333333333335
2019-02-24,511,452.0,496.8333333333333
2019-02-25,394,425.42857142857144,487.53333333333336
2019-02-26,315,424.85714285714283,477.8333333333333
2019-02-27,366,418.85714285714283,473.9
2019-02-28,300,426.14285714285717,472.43333333333334
2019-03-01,705,455.14285714285717,485.53333333333336
2019-03-02,608,457.0,493.7
2019-03-03,705,484.7142857142857,494.03333333333336
2019-03-04,645,520.5714285714286,493.76666666666665
2019-03-05,315,520.5714285714286,484.7
2019-03-06,380,522.5714285714286,475.2
2019-03-07,363,531.5714285714286,474.53333333333336
2019-03-08,613,518.4285714285714,488.1
2019-03-09,362,483.2857142857143,487.8666666666667
2019-03-10,576,464.85714285714283,487.73333333333335
2019-03-11,572,454.42857142857144,484.8666666666667
2019-03-12,352,459.7142857142857,475.76666666666665
2019-03-13,346,454.85714285714283,462.53333333333336
2019-03-14,278,442.7142857142857,451.1333333333333
2019-03-15,309,399.2857142857143,448.1333333333333
2019-03-16,564,428.14285714285717,460.3666666666667
2019-03-17,433,407.7142857142857,462.2
2019-03-18,263,363.57142857142856,447.8666666666667
2019-03-19,287,354.2857142857143,440.5
2019-03-20,260,342.0,429.8333333333333
2019-03-21,395,358.7142857142857,432.3666666666667
2019-03-22,467,381.2857142857143,434.3333333333333
2019-03-23,446,364.42857142857144,440.9
2019-03-24,459,368.14285714285717,439.46666666666664
2019-03-25,369,383.2857142857143,431.93333333333334
2019-03-26,308,386.2857142857143,425.1666666666667
2019-03-27,153,371.0,417.1333333333333
2019-03-28,271,353.2857142857143,415.6666666666667
2019-03-29,533,362.7142857142857,421.23333333333335
2019-03-30,599,384.57142857142856,431.2
2019-03-31,540,396.14285714285717,425.7
2019-04-01,571,425.0,424.46666666666664
2019-04-02,384,435.85714285714283,413.76666666666665
2019-04-03,349,463.85714285714283,403.9
2019-04-04,362,476.85714285714283,405.46666666666664
2019-04-05,453,465.42857142857144,407.9
2019-04-06,533,456.0,413.56666666666666
2019-04-07,461,444.7142857142857,408.5
2019-04-08,548,441.42857142857144,414.7
2019-04-09,313,431.2857142857143,405.93333333333334
2019-04-10,314,426.2857142857143,397.3333333333333
2019-04-11,151,396.14285714285717,390.6333333333333
2019-04-12,475,399.2857142857143,394.93333333333334
2019-04-13,522,397.7142857142857,403.06666666666666
2019-04-14,431,393.42857142857144,407.1333333333333
2019-04-15,305,358.7142857142857,398.5
2019-04-16,454,378.85714285714283,399.2
2019-04-17,447,397.85714285714283,405.3333333333333
2019-04-18,264,414.0,404.56666666666666
2019-04-19,337,394.2857142857143,407.1333333333333
2019-04-20,470,386.85714285714283,409.6333333333333
2019-04-21,215,356.0,401.23333333333335
2019-04-22,543,390.0,404.46666666666664
2019-04-23,213,355.57142857142856,396.26666666666665
2019-04-24,123,309.2857142857143,388.06666666666666
2019-04-25,234,305.0,385.6
2019-04-26,511,329.85714285714283,397.53333333333336
2019-04-27,463,328.85714285714283,403.93333333333334
2019-04-28,417,357.7142857142857,400.06666666666666
2019-04-29,473,347.7142857142857,395.8666666666667
2019-04-30,382,371.85714285714283,390.6
2019-05-01,439,417.0,386.2
2019-05-02,404,441.2857142857143,386.8666666666667
2019-05-03,502,440.0,391.96666666666664
2019-05-04,676,470.42857142857144,402.43333333333334
2019-05-05,503,482.7142857142857,404.1
2019-05-06,381,469.57142857142856,399.03333333333336
2019-05-07,307,458.85714285714283,393.9
2019-05-08,214,426.7142857142857,382.76666666666665
2019-05-09,281,409.14285714285717,381.7
2019-05-10,512,410.57142857142856,388.3
2019-05-11,443,377.2857142857143,398.03333333333336
2019-05-12,486,374.85714285714283,398.4
2019-05-13,496,391.2857142857143,397.53333333333336
2019-05-14,431,409.0,397.53333333333336
2019-05-15,249,414.0,395.6666666666667
2019-05-16,236,407.57142857142856,388.4
2019-05-17,298,377.0,383.43333333333334
2019-05-18,474,381.42857142857144,390.43333333333334
2019-05-19,278,351.7142857142857,388.46666666666664
2019-05-20,389,336.42857142857144,385.76666666666665
2019-05-21,360,326.2857142857143,390.6
2019-05-22,225,322.85714285714283,380.0
2019-05-23,249,324.7142857142857,381.2
2019-05-24,427,343.14285714285717,391.3333333333333
2019-05-25,444,338.85714285714283,398.3333333333333
2019-05-26,357,350.14285714285717,393.2
2019-05-27,446,358.2857142857143,392.6333333333333
2019-05-28,399,363.85714285714283,392.03333333333336
2019-05-29,317,377.0,386.8333333333333
2019-05-30,293,383.2857142857143,383.8666666666667
2019-05-31,171,346.7142857142857,374.93333333333334
2019-06-01,399,340.2857142857143,374.76666666666665
2019-06-02,256,325.85714285714283,366.56666666666666
2019-06-03,316,307.2857142857143,354.56666666666666
2019-06-04,118,267.14285714285717,341.73333333333335
2019-06-05,146,242.71428571428572,333.9
2019-06-06,135,220.14285714285714,328.1666666666667
2019-06-07,123,213.28571428571428,325.1333333333333
2019-06-08,534,232.57142857142858,333.56666666666666
2019-06-09,708,297.14285714285717,340.1
2019-06-10,522,326.57142857142856,342.73333333333335
2019-06-11,399,366.7142857142857,339.8333333333333
2019-06-12,349,395.7142857142857,334.93333333333334
2019-06-13,249,412.0,328.8666666666667
2019-06-14,385,449.42857142857144,333.4
2019-06-15,155,395.2857142857143,330.7
2019-06-16,533,370.2857142857143,338.53333333333336
2019-06-17,558,375.42857142857144,341.3333333333333
2019-06-18,202,347.2857142857143,338.8
2019-06-19,205,326.7142857142857,332.6666666666667
2019-06-20,235,324.7142857142857,328.5
2019-06-21,383,324.42857142857144,333.76666666666665
2019-06-22,125,320.14285714285717,329.6333333333333
2019-06-23,339,292.42857142857144,326.7
2019-06-24,297,255.14285714285714,321.8
2019-06-25,178,251.71428571428572,315.8333333333333
2019-06-26,188,249.28571428571428,307.23333333333335
2019-06-27,168,239.71428571428572,299.53333333333336
2019-06-28,437,247.42857142857142,303.53333333333336
2019-06-29,481,298.2857142857143,309.8
2019-06-30,423,310.2857142857143,318.2
2019-07-01,541,345.14285714285717,322.93333333333334
2019-07-02,265,357.57142857142856,323.23333333333335
2019-07-03,214,361.2857142857143,319.8333333333333
2019-07-04,672,433.2857142857143,338.3
2019-07-05,397,427.57142857142856,346.6666666666667
2019-07-06,790,471.7142857142857,368.5
2019-07-07,802,525.8571428571429,391.1333333333333
2019-07-08,696,548.0,396.53333333333336
2019-07-09,395,566.5714285714286,386.1
2019-07-10,237,569.8571428571429,376.6
2019-07-11,237,507.7142857142857,371.2
2019-07-12,653,544.2857142857143,381.3333333333333
2019-07-13,408,489.7142857142857,386.6333333333333
2019-07-14,686,473.14285714285717,396.6666666666667
2019-07-15,441,436.7142857142857,406.2
2019-07-16,384,435.14285714285717,401.23333333333335
2019-07-17,176,426.42857142857144,388.5
2019-07-18,225,424.7142857142857,389.26666666666665
2019-07-19,208,361.14285714285717,389.3666666666667
2019-07-20,590,387.14285714285717,401.2
2019-07-21,597,374.42857142857144,408.3333333333333
2019-07-22,633,401.85714285714283,425.26666666666665
2019-07-23,684,444.7142857142857,436.76666666666665
2019-07-24,422,479.85714285714283,440.93333333333334
2019-07-25,364,499.7142857142857,447.1333333333333
2019-07-26,338,518.2857142857143,452.1333333333333
2019-07-27,393,490.14285714285717,459.6333333333333
2019-07-28,338,453.14285714285717,456.3333333333333
2019-07-29,343,411.7142857142857,451.73333333333335
2019-07-30,215,344.7142857142857,444.8
2019-07-31,199,312.85714285714283,433.4
2019-08-01,340,309.42857142857144,435.9
2019-08-02,248,296.57142857142856,437.03333333333336
2019-08-03,433,302.2857142857143,429.06666666666666
2019-08-04,320,299.7142857142857,426.5
2019-08-05,484,319.85714285714283,416.3
2019-08-06,217,320.14285714285717,396.8
2019-08-07,180,317.42857142857144,379.6
2019-08-08,219,300.14285714285717,373.73333333333335
2019-08-09,380,319.0,378.5
2019-08-10,386,312.2857142857143,383.46666666666664
2019-08-11,250,302.2857142857143,370.03333333333336
2019-08-12,659,327.2857142857143,378.4
2019-08-13,510,369.14285714285717,372.53333333333336
2019-08-14,346,392.85714285714283,369.3666666666667
2019-08-15,217,392.57142857142856,363.8
2019-08-16,346,387.7142857142857,369.46666666666664
2019-08-17,450,396.85714285714283,376.96666666666664
2019-08-18,570,442.57142857142856,389.03333333333336
2019-08-19,702,448.7142857142857,392.76666666666665
2019-08-20,480,444.42857142857144,388.8666666666667
2019-08-21,257,431.7142857142857,376.3333333333333
2019-08-22,289,442.0,363.1666666666667
2019-08-23,347,442.14285714285717,360.6666666666667
2019-08-24,346,427.2857142857143,360.06666666666666
2019-08-25,543,423.42857142857144,366.9
2019-08-26,677,419.85714285714283,376.3666666666667
2019-08-27,203,380.2857142857143,371.8666666666667
2019-08-28,268,381.85714285714283,369.3666666666667
2019-08-29,199,369.0,368.8333333333333
2019-08-30,367,371.85714285714283,374.43333333333334
2019-08-31,449,386.57142857142856,378.06666666666666
2019-09-01,400,366.14285714285717,383.1333333333333
2019-09-02,221,301.0,376.06666666666666
2019-09-03,276,311.42857142857144,374.6
2019-09-04,439,335.85714285714283,373.1
2019-09-05,330,354.57142857142856,376.8666666666667
2019-09-06,302,345.2857142857143,380.93333333333334
2019-09-07,466,347.7142857142857,389.1666666666667
2019-09-08,409,349.0,390.1333333333333
2019-09-09,329,364.42857142857144,388.23333333333335
2019-09-10,411,383.7142857142857,393.6
2019-09-11,466,387.57142857142856,387.1666666666667
2019-09-12,552,419.2857142857143,388.56666666666666
2019-09-13,598,461.57142857142856,396.96666666666664
2019-09-14,544,472.7142857142857,407.8666666666667
2019-09-15,657,508.14285714285717,418.23333333333335
2019-09-16,501,532.7142857142857,419.93333333333334
2019-09-17,646,566.2857142857143,422.46666666666664
2019-09-18,528,575.1428571428571,416.6666666666667
2019-09-19,574,578.2857142857143,419.8
2019-09-20,552,571.7142857142857,429.6333333333333
2019-09-21,402,551.4285714285714,433.4
2019-09-22,2,457.85714285714283,421.9
2019-09-23,337,434.42857142857144,421.6
2019-09-24,483,411.14285714285717,419.6
2019-09-25,551,414.42857142857144,415.4
2019-09-26,603,418.57142857142856,428.73333333333335
2019-09-27,488,409.42857142857144,436.06666666666666
2019-09-28,396,408.57142857142856,442.6333333333333
2019-09-29,444,471.7142857142857,445.2
2019-09-30,638,514.7142857142857,451.5
2019-10-01,511,518.7142857142857,455.2
2019-10-02,416,499.42857142857144,461.7
2019-10-03,362,465.0,464.56666666666666
2019-10-04,374,448.7142857142857,462.4
2019-10-05,512,465.2857142857143,468.46666666666664
2019-10-06,745,508.2857142857143,483.23333333333335
2019-10-07,663,511.85714285714283,489.8
2019-10-08,472,506.2857142857143,491.9
2019-10-09,722,550.0,505.0
2019-10-10,695,597.5714285714286,514.4666666666667
2019-10-11,455,609.1428571428571,514.1
2019-10-12,34,540.8571428571429,496.8333333333333
2019-10-13,406,492.42857142857144,490.43333333333334
2019-10-14,686,495.7142857142857,495.1666666666667
2019-10-15,405,486.14285714285717,486.76666666666665
2019-10-16,432,444.7142857142857,484.46666666666664
2019-10-17,332,392.85714285714283,474.0
2019-10-18,376,381.57142857142856,468.93333333333334
2019-10-19,253,412.85714285714283,458.23333333333335
2019-10-20,295,397.0,449.6666666666667
2019-10-21,292,340.7142857142857,446.0
2019-10-22,307,326.7142857142857,456.1666666666667
2019-10-23,98,279.0,448.2
2019-10-24,72,241.85714285714286,434.5
2019-10-25,106,203.28571428571428,419.6666666666667
2019-10-26,328,214.0,410.5
2019-10-27,316,217.0,404.76666666666665
2019-10-28,172,199.85714285714286,397.3
2019-10-29,1,156.14285714285714,382.53333333333336
2019-10-30,4,142.71428571428572,361.4
2019-10-31,16,134.71428571428572,344.9
2019-11-01,369,172.28571428571428,343.3333333333333
2019-11-02,406,183.42857142857142,344.8
2019-11-03,341,187.0,343.7
2019-11-04,291,204.0,336.3333333333333
2019-11-05,160,226.71428571428572,316.8333333333333
2019-11-06,468,293.0,310.3333333333333
2019-11-07,951,426.57142857142856,326.3
2019-11-08,710,475.2857142857143,325.9
2019-11-09,838,537.0,330.6666666666667
2019-11-10,777,599.2857142857143,341.4
2019-11-11,731,662.1428571428571,364.6333333333333
2019-11-12,654,732.7142857142857,372.9
2019-11-13,632,756.1428571428571,371.1
2019-11-14,689,718.7142857142857,380.56666666666666
2019-11-15,91,630.2857142857143,369.2
2019-11-16,239,544.7142857142857,366.1
2019-11-17,252,469.7142857142857,361.96666666666664
2019-11-18,310,409.57142857142856,363.8666666666667
2019-11-19,108,331.57142857142856,357.6333333333333
2019-11-20,160,264.14285714285717,353.23333333333335
2019-11-21,236,199.42857142857142,350.8666666666667
2019-11-22,333,234.0,358.7
2019-11-23,376,253.57142857142858,368.8333333333333
2019-11-24,149,238.85714285714286,370.26666666666665
2019-11-25,86,206.85714285714286,362.2
2019-11-26,532,267.42857142857144,369.4
2019-11-27,656,338.2857142857143,385.53333333333336
2019-11-28,686,402.57142857142856,408.3666666666667
2019-11-29,696,454.42857142857144,431.43333333333334
2019-11-30,764,509.85714285714283,456.3666666666667
2019-12-01,972,627.4285714285714,476.46666666666664
2019-12-02,1018,760.5714285714286,496.8666666666667
2019-12-03,740,790.2857142857143,510.1666666666667
2019-12-04,25,700.1428571428571,501.3
2019-12-05,23,605.4285714285714,496.73333333333335
2019-12-06,139,525.8571428571429,485.76666666666665
2019-12-07,217,447.7142857142857,461.3
2019-12-08,148,330.0,442.56666666666666
2019-12-09,234,218.0,422.43333333333334
2019-12-10,189,139.28571428571428,402.8333333333333
2019-12-11,123,153.28571428571428,382.56666666666666
2019-12-12,150,171.42857142857142,365.76666666666665
2019-12-13,247,186.85714285714286,352.93333333333334
2019-12-15,277,195.42857142857142,339.2
2019-12-16,169,198.42857142857142,341.8
2019-12-17,266,203.0,342.7
2019-12-18,162,199.14285714285714,339.7
2019-12-19,337,229.71428571428572,340.6
2019-12-20,285,249.0,346.5
2019-12-21,245,248.71428571428572,349.3333333333333
2019-12-22,303,252.42857142857142,351.56666666666666
2019-12-23,375,281.85714285714283,352.96666666666664
2019-12-24,319,289.42857142857144,351.06666666666666
2019-12-25,272,305.14285714285717,355.1666666666667
2019-12-26,272,295.85714285714283,361.3666666666667
2019-12-27,131,273.85714285714283,348.0
2019-12-28,64,248.0,328.26666666666665
2019-12-29,332,252.14285714285714,316.46666666666664
2019-12-30,358,249.71428571428572,305.2
2019-12-31,356,255.0,291.6
