Date,RJTT 2020,7day_rolling_RJTT 2020,30day_rolling_RJTT 2020
2020-01-01,390,390.0,390.0
2020-01-02,565,477.5,477.5
2020-01-03,684,546.3333333333334,546.3333333333334
2020-01-04,840,619.75,619.75
2020-01-05,753,646.4,646.4
2020-01-06,832,677.3333333333334,677.3333333333334
2020-01-07,742,686.5714285714286,686.5714285714286
2020-01-08,634,721.4285714285714,680.0
2020-01-09,817,757.4285714285714,695.2222222222222
2020-01-10,821,777.0,707.8
2020-01-11,836,776.4285714285714,719.4545454545455
2020-01-12,790,781.7142857142857,725.3333333333334
2020-01-13,791,775.8571428571429,730.3846153846154
2020-01-14,742,775.8571428571429,731.2142857142857
2020-01-15,821,802.5714285714286,737.2
2020-01-16,816,802.4285714285714,742.125
2020-01-17,854,807.1428571428571,748.7058823529412
2020-01-18,602,773.7142857142857,740.5555555555555
2020-01-19,506,733.1428571428571,728.2105263157895
2020-01-20,809,735.7142857142857,732.25
2020-01-21,787,742.1428571428571,734.8571428571429
2020-01-22,810,740.5714285714286,738.2727272727273
2020-01-23,796,737.7142857142857,740.7826086956521
2020-01-24,789,728.4285714285714,742.7916666666666
2020-01-25,816,759.0,745.72
2020-01-26,792,799.8571428571429,747.5
2020-01-27,779,795.5714285714286,748.6666666666666
2020-01-28,858,805.7142857142857,752.5714285714286
2020-01-29,630,780.0,748.3448275862069
2020-01-30,584,749.7142857142857,742.8666666666667
2020-01-31,781,748.5714285714286,755.9
2020-02-01,834,751.1428571428571,764.8666666666667
2020-02-02,855,760.1428571428571,770.5666666666667
2020-02-03,606,735.4285714285714,762.7666666666667
2020-02-04,697,712.4285714285714,760.9
2020-02-05,682,719.8571428571429,755.9
2020-02-06,796,750.1428571428571,757.7
2020-02-07,698,738.2857142857143,759.8333333333334
2020-02-08,838,738.8571428571429,760.5333333333333
2020-02-09,794,730.1428571428571,759.6333333333333
2020-02-10,807,758.8571428571429,758.6666666666666
2020-02-11,730,763.5714285714286,756.6666666666666
2020-02-12,520,740.4285714285714,747.6333333333333
2020-02-13,802,741.2857142857143,749.6333333333333
2020-02-14,750,748.7142857142857,747.2666666666667
2020-02-15,772,739.2857142857143,745.8
2020-02-16,736,731.0,741.8666666666667
2020-02-17,445,679.2857142857143,736.6333333333333
2020-02-18,827,693.1428571428571,747.3333333333334
2020-02-19,854,740.8571428571429,748.8333333333334
2020-02-20,801,740.7142857142857,749.3
2020-02-21,538,710.4285714285714,740.2333333333333
2020-02-22,404,657.8571428571429,727.1666666666666
2020-02-23,752,660.1428571428571,725.9333333333333
2020-02-24,546,674.5714285714286,716.9333333333333
2020-02-25,763,665.4285714285714,715.9666666666667
2020-02-26,814,659.7142857142857,717.1333333333333
2020-02-27,793,658.5714285714286,714.9666666666667
2020-02-28,471,649.0,709.6666666666666
2020-02-29,719,694.0,714.1666666666666
2020-03-01,726,690.2857142857143,712.3333333333334
2020-03-02,904,741.4285714285714,714.6666666666666
2020-03-03,651,725.4285714285714,707.8666666666667
2020-03-04,859,731.8571428571429,716.3
2020-03-05,816,735.1428571428571,720.2666666666667
2020-03-06,823,785.4285714285714,724.9666666666667
2020-03-07,844,803.2857142857143,726.5666666666667
2020-03-08,840,819.5714285714286,731.3
2020-03-09,788,803.0,729.6333333333333
2020-03-10,496,780.8571428571429,719.7
2020-03-11,755,766.0,717.9666666666667
2020-03-12,486,718.8571428571429,709.8333333333334
2020-03-13,421,661.4285714285714,706.5333333333333
2020-03-14,691,639.5714285714286,702.8333333333334
2020-03-15,431,581.1428571428571,692.2
2020-03-16,575,550.7142857142857,685.6333333333333
2020-03-17,363,531.7142857142857,673.2
2020-03-18,585,507.42857142857144,677.8666666666667
2020-03-19,402,495.42857142857144,663.7
2020-03-20,642,527.0,656.6333333333333
2020-03-21,352,478.57142857142856,641.6666666666666
2020-03-22,505,489.14285714285717,640.5666666666667
2020-03-23,682,504.42857142857144,649.8333333333334
2020-03-24,637,543.5714285714286,646.0
2020-03-25,392,516.0,640.8666666666667
2020-03-26,388,514.0,628.3666666666667
2020-03-27,298,464.85714285714283,611.1666666666666
2020-03-28,678,511.42857142857144,607.3333333333334
2020-03-29,654,532.7142857142857,613.4333333333333
2020-03-30,633,525.7142857142857,610.5666666666667
2020-03-31,609,521.7142857142857,606.6666666666666
2020-04-01,622,554.5714285714286,597.2666666666667
2020-04-02,594,584.0,595.3666666666667
2020-04-03,411,600.1428571428571,580.4333333333333
2020-04-04,394,559.5714285714286,566.3666666666667
2020-04-05,611,553.4285714285714,559.3
2020-04-06,571,544.5714285714286,550.2
2020-04-07,486,527.0,538.4
2020-04-08,345,487.42857142857144,523.6333333333333
2020-04-09,437,465.0,521.6666666666666
2020-04-10,421,466.42857142857144,510.53333333333336
2020-04-11,302,453.2857142857143,504.4
2020-04-12,380,420.2857142857143,503.03333333333336
2020-04-13,365,390.85714285714283,492.1666666666667
2020-04-14,316,366.57142857142856,488.3333333333333
2020-04-15,265,355.14285714285717,478.0
2020-04-16,326,339.2857142857143,476.76666666666665
2020-04-17,193,306.7142857142857,463.7
2020-04-18,184,289.85714285714283,456.43333333333334
2020-04-19,260,272.7142857142857,443.7
2020-04-20,204,249.71428571428572,438.76666666666665
2020-04-21,167,228.42857142857142,427.5
2020-04-22,180,216.28571428571428,410.76666666666665
2020-04-23,156,192.0,394.73333333333335
2020-04-24,147,185.42857142857142,386.56666666666666
2020-04-25,92,172.28571428571428,376.7
2020-04-26,82,146.85714285714286,369.5
2020-04-27,185,144.14285714285714,353.06666666666666
2020-04-28,140,140.28571428571428,335.93333333333334
2020-04-29,140,134.57142857142858,319.5
2020-04-30,136,131.71428571428572,303.73333333333335
2020-05-01,113,126.85714285714286,286.76666666666665
2020-05-02,97,127.57142857142857,270.2
2020-05-03,102,130.42857142857142,259.9
2020-05-04,152,125.71428571428571,251.83333333333334
2020-05-05,162,128.85714285714286,236.86666666666667
2020-05-06,167,132.71428571428572,223.4
2020-05-07,155,135.42857142857142,212.36666666666667
2020-05-08,110,135.0,204.53333333333333
2020-05-09,93,134.42857142857142,193.06666666666666
2020-05-10,83,131.71428571428572,181.8
2020-05-11,174,134.85714285714286,177.53333333333333
2020-05-12,108,127.14285714285714,168.46666666666667
2020-05-13,100,117.57142857142857,159.63333333333333
2020-05-14,107,110.71428571428571,152.66666666666666
2020-05-15,95,108.57142857142857,147.0
2020-05-16,112,111.28571428571429,139.86666666666667
2020-05-17,123,117.0,137.53333333333333
2020-05-18,148,113.28571428571429,136.33333333333334
2020-05-19,145,118.57142857142857,132.5
2020-05-20,160,127.14285714285714,131.03333333333333
2020-05-21,161,134.85714285714286,130.83333333333334
2020-05-22,160,144.14285714285714,130.16666666666666
2020-05-23,149,149.42857142857142,129.93333333333334
2020-05-24,83,143.71428571428572,127.8
2020-05-25,73,133.0,127.16666666666667
2020-05-26,158,134.85714285714286,129.7
2020-05-27,118,128.85714285714286,127.46666666666667
2020-05-28,146,126.71428571428571,127.66666666666667
2020-05-29,106,119.0,126.53333333333333
2020-05-30,104,112.57142857142857,125.46666666666667
2020-05-31,106,115.85714285714286,125.23333333333333
2020-06-01,182,131.42857142857142,128.06666666666666
2020-06-02,154,130.85714285714286,129.8
2020-06-03,201,142.71428571428572,131.43333333333334
2020-06-04,181,147.71428571428572,132.06666666666666
2020-06-05,168,156.57142857142858,132.1
2020-06-06,219,173.0,134.23333333333332
2020-06-07,219,189.14285714285714,137.86666666666667
2020-06-08,184,189.42857142857142,140.9
2020-06-09,169,191.57142857142858,143.76666666666668
2020-06-10,160,185.71428571428572,143.3
2020-06-11,162,183.0,145.1
2020-06-12,170,183.28571428571428,147.43333333333334
2020-06-13,238,186.0,151.8
2020-06-14,195,182.57142857142858,155.13333333333333
2020-06-15,197,184.42857142857142,157.96666666666667
2020-06-16,242,194.85714285714286,161.93333333333334
2020-06-17,248,207.42857142857142,165.26666666666668
2020-06-18,310,228.57142857142858,170.76666666666668
2020-06-19,353,254.71428571428572,177.2
2020-06-20,273,259.7142857142857,180.93333333333334
2020-06-21,343,280.85714285714283,187.03333333333333
2020-06-22,341,301.42857142857144,193.43333333333334
2020-06-23,318,312.2857142857143,201.26666666666668
2020-06-24,314,321.7142857142857,209.3
2020-06-25,316,322.57142857142856,214.56666666666666
2020-06-26,306,315.85714285714283,220.83333333333334
2020-06-27,347,326.42857142857144,227.53333333333333
2020-06-28,350,327.42857142857144,235.66666666666666
2020-06-29,306,322.42857142857144,242.4
2020-06-30,240,311.2857142857143,246.86666666666667
2020-07-01,287,307.42857142857144,250.36666666666667
2020-07-02,384,317.14285714285717,258.03333333333336
2020-07-03,434,335.42857142857144,265.8
2020-07-04,275,325.14285714285717,268.93333333333334
2020-07-05,274,314.2857142857143,272.46666666666664
2020-07-06,482,339.42857142857144,281.23333333333335
2020-07-07,279,345.0,283.23333333333335
2020-07-08,298,346.57142857142856,287.03333333333336
2020-07-09,283,332.14285714285717,290.8333333333333
2020-07-10,284,310.7142857142857,294.96666666666664
2020-07-11,267,309.57142857142856,298.46666666666664
2020-07-12,339,318.85714285714283,304.1
2020-07-13,343,299.0,307.6
2020-07-14,345,308.42857142857144,312.6
2020-07-15,424,326.42857142857144,320.1666666666667
2020-07-16,416,345.42857142857144,325.96666666666664
2020-07-17,453,369.57142857142856,332.8
2020-07-18,433,393.2857142857143,336.9
2020-07-19,378,398.85714285714283,337.73333333333335
2020-07-20,355,400.57142857142856,340.46666666666664
2020-07-21,451,415.7142857142857,344.06666666666666
2020-07-22,476,423.14285714285717,348.56666666666666
2020-07-23,560,443.7142857142857,356.6333333333333
2020-07-24,531,454.85714285714283,363.8666666666667
2020-07-25,493,463.42857142857144,369.76666666666665
2020-07-26,551,488.14285714285717,377.93333333333334
2020-07-27,544,515.1428571428571,384.5
2020-07-28,509,523.4285714285714,389.8
2020-07-29,449,519.5714285714286,394.56666666666666
2020-07-30,430,501.0,400.9
2020-07-31,462,491.14285714285717,406.73333333333335
2020-08-01,608,507.57142857142856,414.2
2020-08-02,623,517.8571428571429,420.5
2020-08-03,628,529.8571428571429,432.26666666666665
2020-08-04,680,554.2857142857143,445.8
2020-08-05,665,585.1428571428571,451.9
2020-08-06,460,589.4285714285714,457.93333333333334
2020-08-07,703,623.8571428571429,471.43333333333334
2020-08-08,552,615.8571428571429,480.4
2020-08-09,591,611.2857142857143,490.6333333333333
2020-08-10,549,600.0,500.03333333333336
2020-08-11,653,596.1428571428571,510.5
2020-08-12,575,583.2857142857143,518.2333333333333
2020-08-13,546,595.5714285714286,524.9333333333333
2020-08-14,559,575.0,529.4333333333333
2020-08-15,452,560.7142857142857,530.6333333333333
2020-08-16,658,570.2857142857143,537.4666666666667
2020-08-17,555,571.1428571428571,541.5333333333333
2020-08-18,524,552.7142857142857,546.4
2020-08-19,460,536.2857142857143,549.9
2020-08-20,482,527.1428571428571,550.9333333333333
2020-08-21,461,513.1428571428571,550.4333333333333
2020-08-22,472,516.0,547.5
2020-08-23,498,493.14285714285717,546.4
2020-08-24,465,480.2857142857143,545.4666666666667
2020-08-25,476,473.42857142857144,542.9666666666667
2020-08-26,444,471.14285714285717,539.6333333333333
2020-08-27,468,469.14285714285717,538.2666666666667
2020-08-28,409,461.7142857142857,536.9333333333333
2020-08-29,481,463.0,538.6333333333333
2020-08-30,439,454.57142857142856,537.8666666666667
2020-08-31,415,447.42857142857144,531.4333333333333
2020-09-01,376,433.14285714285717,523.2
2020-09-02,365,421.85714285714283,514.4333333333333
2020-09-03,392,411.0,504.8333333333333
2020-09-04,457,417.85714285714283,497.9
2020-09-05,382,403.7142857142857,495.3
2020-09-06,285,381.7142857142857,481.3666666666667
2020-09-07,291,364.0,472.6666666666667
2020-09-08,496,381.14285714285717,469.5
2020-09-09,510,401.85714285714283,468.2
2020-09-10,539,422.85714285714283,464.4
2020-09-11,508,430.14285714285717,462.1666666666667
2020-09-12,495,446.2857142857143,460.46666666666664
2020-09-13,511,478.57142857142856,458.8666666666667
2020-09-14,479,505.42857142857144,459.76666666666665
2020-09-15,442,497.7142857142857,452.56666666666666
2020-09-16,524,499.7142857142857,451.53333333333336
2020-09-17,574,504.7142857142857,453.2
2020-09-18,660,526.4285714285714,459.8666666666667
2020-09-19,727,559.5714285714286,468.03333333333336
2020-09-20,580,569.4285714285714,472.0
2020-09-21,627,590.5714285714286,477.1666666666667
2020-09-22,701,627.5714285714286,483.93333333333334
2020-09-23,538,629.5714285714286,486.3666666666667
2020-09-24,541,624.8571428571429,488.53333333333336
2020-09-25,519,604.7142857142857,491.03333333333336
2020-09-26,536,577.4285714285714,493.3
2020-09-27,504,566.5714285714286,496.46666666666664
2020-09-28,566,557.8571428571429,499.3
2020-09-29,560,537.7142857142857,503.3333333333333
2020-09-30,552,539.7142857142857,507.9
2020-10-01,594,547.2857142857143,515.1666666666666
2020-10-02,640,564.5714285714286,524.3333333333334
2020-10-03,613,575.5714285714286,531.7
2020-10-04,608,590.4285714285714,536.7333333333333
2020-10-05,564,590.1428571428571,542.8
2020-10-06,607,596.8571428571429,553.5333333333333
2020-10-07,562,598.2857142857143,562.5666666666667
2020-10-08,559,593.2857142857143,564.6666666666666
2020-10-09,512,575.0,564.7333333333333
2020-10-10,541,564.7142857142857,564.8
2020-10-11,555,557.1428571428571,566.3666666666667
2020-10-12,585,560.1428571428571,569.3666666666667
2020-10-13,535,549.8571428571429,570.1666666666666
2020-10-14,567,550.5714285714286,573.1
2020-10-15,521,545.1428571428571,575.7333333333333
2020-10-16,560,552.0,576.9333333333333
2020-10-17,556,554.1428571428571,576.3333333333334
2020-10-18,571,556.4285714285714,573.3666666666667
2020-10-19,549,551.2857142857143,567.4333333333333
2020-10-20,537,551.5714285714286,566.0
2020-10-21,582,553.7142857142857,564.5
2020-10-22,575,561.4285714285714,560.3
2020-10-23,586,565.1428571428571,561.9
2020-10-24,622,574.5714285714286,564.6
2020-10-25,612,580.4285714285714,567.7
2020-10-26,573,583.8571428571429,568.9333333333333
2020-10-27,555,586.4285714285714,570.6333333333333
2020-10-28,309,547.4285714285714,562.0666666666667
2020-10-29,168,489.2857142857143,549.0
2020-10-30,379,459.7142857142857,543.2333333333333
2020-10-31,561,451.0,542.1333333333333
