Date,VHHH 2020,7day_rolling_VHHH 2020,30day_rolling_VHHH 2020
2020-01-01,1004,1004.0,1004.0
2020-01-02,798,901.0,901.0
2020-01-03,915,905.6666666666666,905.6666666666666
2020-01-04,1034,937.75,937.75
2020-01-05,1019,954.0,954.0
2020-01-06,998,961.3333333333334,961.3333333333334
2020-01-07,943,958.7142857142857,958.7142857142857
2020-01-08,908,945.0,952.375
2020-01-09,975,970.2857142857143,954.8888888888889
2020-01-10,1026,986.1428571428571,962.0
2020-01-11,991,980.0,964.6363636363636
2020-01-12,958,971.2857142857143,964.0833333333334
2020-01-13,958,965.5714285714286,963.6153846153846
2020-01-14,969,969.2857142857143,964.0
2020-01-15,984,980.1428571428571,965.3333333333334
2020-01-16,1021,986.7142857142857,968.8125
2020-01-17,1070,993.0,974.7647058823529
2020-01-18,866,975.1428571428571,968.7222222222222
2020-01-19,991,979.8571428571429,969.8947368421053
2020-01-20,995,985.1428571428571,971.15
2020-01-21,1012,991.2857142857143,973.0952380952381
2020-01-22,1004,994.1428571428571,974.5
2020-01-23,1068,1000.8571428571429,978.5652173913044
2020-01-24,1069,1000.7142857142857,982.3333333333334
2020-01-25,937,1010.8571428571429,980.52
2020-01-26,889,996.2857142857143,977.0
2020-01-27,933,987.4285714285714,975.3703703703703
2020-01-28,922,974.5714285714286,973.4642857142857
2020-01-29,942,965.7142857142857,972.3793103448276
2020-01-30,916,944.0,970.5
2020-01-31,905,920.5714285714286,967.2
2020-02-01,966,924.7142857142857,972.8
2020-02-02,908,927.4285714285714,972.5666666666667
2020-02-03,867,918.0,967.0
2020-02-04,827,904.4285714285714,960.6
2020-02-05,808,885.2857142857143,954.2666666666667
2020-02-06,794,867.8571428571429,949.3
2020-02-07,816,855.1428571428571,946.2333333333333
2020-02-08,778,828.2857142857143,939.6666666666666
2020-02-09,722,801.7142857142857,929.5333333333333
2020-02-10,629,767.7142857142857,917.4666666666667
2020-02-11,597,734.8571428571429,905.4333333333333
2020-02-12,593,704.1428571428571,893.2666666666667
2020-02-13,552,669.5714285714286,879.3666666666667
2020-02-14,565,633.7142857142857,865.4
2020-02-15,550,601.1428571428571,849.7
2020-02-16,532,574.0,831.7666666666667
2020-02-17,500,555.5714285714286,819.5666666666667
2020-02-18,507,542.7142857142857,803.4333333333333
2020-02-19,484,527.1428571428571,786.4
2020-02-20,490,518.2857142857143,769.0
2020-02-21,492,507.85714285714283,751.9333333333333
2020-02-22,495,500.0,732.8333333333334
2020-02-23,489,493.85714285714283,713.5
2020-02-24,439,485.14285714285717,696.9
2020-02-25,450,477.0,682.2666666666667
2020-02-26,476,475.85714285714283,667.0333333333333
2020-02-27,470,473.0,651.9666666666667
2020-02-28,501,474.2857142857143,637.2666666666667
2020-02-29,521,478.0,624.1
2020-03-01,470,475.2857142857143,609.6
2020-03-02,416,472.0,591.2666666666667
2020-03-03,413,466.7142857142857,574.7666666666667
2020-03-04,440,461.57142857142856,560.5333333333333
2020-03-05,460,460.14285714285717,548.3
2020-03-06,440,451.42857142857144,536.0333333333333
2020-03-07,465,443.42857142857144,525.0666666666667
2020-03-08,439,439.0,512.5
2020-03-09,360,431.0,498.56666666666666
2020-03-10,420,432.0,488.5
2020-03-11,397,425.85714285714283,480.76666666666665
2020-03-12,401,417.42857142857144,474.23333333333335
2020-03-13,391,410.42857142857144,467.5
2020-03-14,415,403.2857142857143,462.93333333333334
2020-03-15,372,393.7142857142857,456.5
2020-03-16,394,398.57142857142856,451.3
2020-03-17,408,396.85714285714283,447.1666666666667
2020-03-18,417,399.7142857142857,444.4
2020-03-19,413,401.42857142857144,441.26666666666665
2020-03-20,392,401.57142857142856,438.2
2020-03-21,404,400.0,435.3333333333333
2020-03-22,362,398.57142857142856,431.0
2020-03-23,346,391.7142857142857,426.03333333333336
2020-03-24,392,389.42857142857144,422.8
2020-03-25,378,383.85714285714283,420.76666666666665
2020-03-26,353,375.2857142857143,417.53333333333336
2020-03-27,359,370.57142857142856,413.6333333333333
2020-03-28,328,359.7142857142857,408.9
2020-03-29,280,348.0,401.53333333333336
2020-03-30,271,337.2857142857143,393.2
2020-03-31,298,323.85714285714283,387.46666666666664
2020-04-01,315,314.85714285714283,384.1
2020-04-02,326,311.0,381.2
2020-04-03,326,306.2857142857143,377.4
2020-04-04,328,306.2857142857143,373.0
2020-04-05,269,304.7142857142857,367.3
2020-04-06,257,302.7142857142857,360.3666666666667
2020-04-07,322,306.14285714285717,356.46666666666664
2020-04-08,310,305.42857142857144,354.8
2020-04-09,326,305.42857142857144,351.6666666666667
2020-04-10,333,306.42857142857144,349.53333333333336
2020-04-11,313,304.2857142857143,346.6
2020-04-12,278,305.57142857142856,342.8333333333333
2020-04-13,275,308.14285714285717,338.1666666666667
2020-04-14,307,306.0,336.0
2020-04-15,315,306.7142857142857,333.3666666666667
2020-04-16,338,308.42857142857144,331.03333333333336
2020-04-17,336,308.85714285714283,328.3333333333333
2020-04-18,349,314.0,326.2
2020-04-19,286,315.14285714285717,322.6666666666667
2020-04-20,288,317.0,318.8
2020-04-21,357,324.14285714285717,318.6333333333333
2020-04-22,336,327.14285714285717,318.3
2020-04-23,336,326.85714285714283,316.43333333333334
2020-04-24,388,334.2857142857143,316.76666666666665
2020-04-25,376,338.14285714285717,317.53333333333336
2020-04-26,340,345.85714285714283,316.9
2020-04-27,345,354.0,317.46666666666664
2020-04-28,398,359.85714285714283,321.4
2020-04-29,401,369.14285714285717,325.73333333333335
2020-04-30,361,372.7142857142857,327.8333333333333
2020-05-01,381,371.7142857142857,330.03333333333336
2020-05-02,351,368.14285714285717,330.8666666666667
2020-05-03,310,363.85714285714283,330.3333333333333
2020-05-04,312,359.14285714285717,329.8
2020-05-05,365,354.42857142857144,333.0
2020-05-06,318,342.57142857142856,335.03333333333336
2020-05-07,381,345.42857142857144,337.0
2020-05-08,403,348.57142857142856,340.1
2020-05-09,387,353.7142857142857,342.1333333333333
2020-05-10,366,361.7142857142857,343.23333333333335
2020-05-11,360,368.57142857142856,344.8
2020-05-12,391,372.2857142857143,348.56666666666666
2020-05-13,429,388.14285714285717,353.7
2020-05-14,447,397.57142857142856,358.3666666666667
2020-05-15,399,397.0,361.1666666666667
2020-05-16,415,401.0,363.73333333333335
2020-05-17,362,400.42857142857144,364.6
2020-05-18,332,396.42857142857144,364.03333333333336
2020-05-19,416,400.0,368.3666666666667
2020-05-20,400,395.85714285714283,372.1
2020-05-21,396,388.57142857142856,373.4
2020-05-22,396,388.14285714285717,375.4
2020-05-23,383,383.57142857142856,376.96666666666664
2020-05-24,330,379.0,375.03333333333336
2020-05-25,355,382.2857142857143,374.3333333333333
2020-05-26,410,381.42857142857144,376.6666666666667
2020-05-27,376,378.0,377.7
2020-05-28,406,379.42857142857144,377.96666666666664
2020-05-29,376,376.57142857142856,377.1333333333333
2020-05-30,374,375.2857142857143,377.56666666666666
2020-05-31,323,374.2857142857143,375.6333333333333
2020-06-01,338,371.85714285714283,375.2
2020-06-02,378,367.2857142857143,377.46666666666664
2020-06-03,357,364.57142857142856,378.96666666666664
2020-06-04,373,359.85714285714283,379.23333333333335
2020-06-05,354,356.7142857142857,380.43333333333334
2020-06-06,361,354.85714285714283,379.76666666666665
2020-06-07,324,355.0,377.1333333333333
2020-06-08,303,350.0,374.3333333333333
2020-06-09,349,345.85714285714283,373.76666666666665
2020-06-10,373,348.14285714285717,374.2
2020-06-11,386,350.0,374.03333333333336
2020-06-12,367,351.85714285714283,371.96666666666664
2020-06-13,341,349.0,368.43333333333334
2020-06-14,313,347.42857142857144,365.56666666666666
2020-06-15,303,347.42857142857144,361.8333333333333
2020-06-16,363,349.42857142857144,361.8666666666667
2020-06-17,331,343.42857142857144,361.8333333333333
2020-06-18,347,337.85714285714283,359.53333333333336
2020-06-19,358,336.57142857142856,358.1333333333333
2020-06-20,354,338.42857142857144,356.73333333333335
2020-06-21,330,340.85714285714283,354.53333333333336
2020-06-22,308,341.57142857142856,352.03333333333336
2020-06-23,380,344.0,353.7
2020-06-24,369,349.42857142857144,354.1666666666667
2020-06-25,352,350.14285714285717,352.23333333333335
2020-06-26,350,349.0,351.3666666666667
2020-06-27,355,349.14285714285717,349.6666666666667
2020-06-28,312,346.57142857142856,347.53333333333336
2020-06-29,295,344.7142857142857,344.9
2020-06-30,346,339.85714285714283,345.6666666666667
2020-07-01,323,333.2857142857143,345.1666666666667
2020-07-02,336,331.0,343.76666666666665
2020-07-03,343,330.0,343.3
2020-07-04,344,328.42857142857144,342.3333333333333
2020-07-05,297,326.2857142857143,340.43333333333334
2020-07-06,279,324.0,337.7
2020-07-07,340,323.14285714285717,338.23333333333335
2020-07-08,313,321.7142857142857,338.56666666666666
2020-07-09,342,322.57142857142856,338.3333333333333
2020-07-10,332,321.0,336.96666666666664
2020-07-11,345,321.14285714285717,335.6
2020-07-12,300,321.57142857142856,333.3666666666667
2020-07-13,278,321.42857142857144,331.26666666666665
2020-07-14,331,320.14285714285717,331.8666666666667
2020-07-15,349,325.2857142857143,333.4
2020-07-16,360,327.85714285714283,333.3
2020-07-17,330,327.57142857142856,333.26666666666665
2020-07-18,357,329.2857142857143,333.6
2020-07-19,265,324.2857142857143,330.5
2020-07-20,265,322.42857142857144,327.53333333333336
2020-07-21,322,321.14285714285717,327.26666666666665
2020-07-22,319,316.85714285714283,327.6333333333333
2020-07-23,317,310.7142857142857,325.53333333333336
2020-07-24,342,312.42857142857144,324.6333333333333
2020-07-25,325,307.85714285714283,323.73333333333335
2020-07-26,309,314.14285714285717,322.3666666666667
2020-07-27,275,315.57142857142856,319.7
2020-07-28,333,317.14285714285717,320.4
2020-07-29,327,318.2857142857143,321.46666666666664
2020-07-30,284,313.57142857142856,319.4
2020-07-31,317,310.0,319.2
2020-08-01,325,310.0,318.8333333333333
2020-08-02,299,308.57142857142856,317.3666666666667
2020-08-03,287,310.2857142857143,315.46666666666664
2020-08-04,340,311.2857142857143,316.9
2020-08-05,317,309.85714285714283,318.1666666666667
2020-08-06,323,315.42857142857144,317.6
2020-08-07,347,319.7142857142857,318.73333333333335
2020-08-08,358,324.42857142857144,319.26666666666665
2020-08-09,287,322.7142857142857,317.76666666666665
2020-08-10,287,322.7142857142857,315.8333333333333
2020-08-11,335,322.0,317.0
2020-08-12,321,322.57142857142856,318.43333333333334
2020-08-13,329,323.42857142857144,318.3666666666667
2020-08-14,332,321.2857142857143,317.8
2020-08-15,262,307.57142857142856,314.53333333333336
2020-08-16,297,309.0,313.43333333333334
2020-08-17,285,308.7142857142857,311.03333333333336
2020-08-18,281,301.0,311.56666666666666
2020-08-19,323,301.2857142857143,313.5
2020-08-20,347,303.85714285714283,314.3333333333333
2020-08-21,370,309.2857142857143,316.03333333333336
2020-08-22,359,323.14285714285717,317.43333333333334
2020-08-23,302,323.85714285714283,316.1
2020-08-24,293,325.0,315.03333333333336
2020-08-25,349,334.7142857142857,316.3666666666667
2020-08-26,345,337.85714285714283,318.7
2020-08-27,364,340.2857142857143,319.73333333333335
2020-08-28,353,337.85714285714283,320.6
2020-08-29,349,336.42857142857144,322.76666666666665
2020-08-30,328,340.14285714285717,323.1333333333333
2020-08-31,306,342.0,322.5
2020-09-01,358,343.2857142857143,324.46666666666664
2020-09-02,354,344.57142857142856,326.7
2020-09-03,369,345.2857142857143,327.6666666666667
2020-09-04,369,347.57142857142856,329.4
2020-09-05,357,348.7142857142857,330.53333333333336
2020-09-06,312,346.42857142857144,329.3666666666667
2020-09-07,297,345.14285714285717,327.3333333333333
2020-09-08,345,343.2857142857143,329.26666666666665
2020-09-09,374,346.14285714285717,332.1666666666667
2020-09-10,358,344.57142857142856,332.93333333333334
2020-09-11,387,347.14285714285717,335.1333333333333
2020-09-12,378,350.14285714285717,336.76666666666665
2020-09-13,336,353.57142857142856,336.9
2020-09-14,308,355.14285714285717,338.43333333333334
2020-09-15,369,358.57142857142856,340.8333333333333
2020-09-16,373,358.42857142857144,343.76666666666665
2020-09-17,373,360.57142857142856,346.8333333333333
2020-09-18,356,356.14285714285717,347.93333333333334
2020-09-19,368,354.7142857142857,348.6333333333333
2020-09-20,320,352.42857142857144,346.96666666666664
2020-09-21,314,353.2857142857143,345.46666666666664
2020-09-22,361,352.14285714285717,347.43333333333334
2020-09-23,364,350.85714285714283,349.8
2020-09-24,391,353.42857142857144,351.2
2020-09-25,383,357.2857142857143,352.46666666666664
2020-09-26,384,359.57142857142856,353.1333333333333
2020-09-27,338,362.14285714285717,352.6333333333333
2020-09-28,322,363.2857142857143,351.73333333333335
2020-09-29,374,365.14285714285717,353.26666666666665
2020-09-30,386,368.2857142857143,355.93333333333334
2020-10-01,343,361.42857142857144,355.43333333333334
2020-10-02,324,353.0,354.43333333333334
2020-10-03,308,342.14285714285717,352.4
2020-10-04,251,329.7142857142857,348.46666666666664
2020-10-05,251,319.57142857142856,344.93333333333334
2020-10-06,309,310.2857142857143,344.8333333333333
2020-10-07,320,300.85714285714283,345.6
2020-10-08,316,297.0,344.6333333333333
2020-10-09,344,299.85714285714283,343.6333333333333
2020-10-10,378,309.85714285714283,344.3
2020-10-11,320,319.7142857142857,342.06666666666666
2020-10-12,340,332.42857142857144,340.8
2020-10-13,332,335.7142857142857,340.6666666666667
2020-10-14,392,346.0,343.46666666666664
2020-10-15,395,357.2857142857143,344.3333333333333
2020-10-16,393,364.2857142857143,345.0
2020-10-17,395,366.7142857142857,345.73333333333335
2020-10-18,351,371.14285714285717,345.56666666666666
2020-10-19,332,370.0,344.3666666666667
2020-10-20,410,381.14285714285717,347.3666666666667
2020-10-21,384,380.0,349.7
2020-10-22,384,378.42857142857144,350.46666666666664
2020-10-23,398,379.14285714285717,351.6
2020-10-24,404,380.42857142857144,352.03333333333336
2020-10-25,357,381.2857142857143,351.1666666666667
2020-10-26,337,382.0,349.6
2020-10-27,382,378.0,351.06666666666666
2020-10-28,416,382.57142857142856,354.2
2020-10-29,407,385.85714285714283,355.3
2020-10-30,414,388.14285714285717,356.23333333333335
2020-10-31,396,387.0,358.0
