Date,VHHH 2019,7day_rolling_VHHH 2019,30day_rolling_VHHH 2019
2019-01-17,220,220.0,220.0
2019-01-18,319,269.5,269.5
2019-01-19,286,275.0,275.0
2019-01-20,336,290.25,290.25
2019-01-21,1028,437.8,437.8
2019-01-22,1061,541.6666666666666,541.6666666666666
2019-01-23,1065,616.4285714285714,616.4285714285714
2019-01-24,1059,736.2857142857143,671.75
2019-01-25,1097,847.4285714285714,719.0
2019-01-26,1075,960.1428571428571,754.6
2019-01-27,1055,1062.857142857143,781.9090909090909
2019-01-28,1087,1071.2857142857142,807.3333333333334
2019-01-29,1082,1074.2857142857142,828.4615384615385
2019-01-30,1076,1075.857142857143,846.1428571428571
2019-01-31,1081,1079.0,861.8
2019-02-01,1111,1081.0,877.375
2019-02-02,1108,1085.7142857142858,890.9411764705883
2019-02-03,1037,1083.142857142857,899.0555555555555
2019-02-04,1016,1073.0,905.2105263157895
2019-02-05,914,1049.0,905.65
2019-02-06,152,917.0,869.7619047619048
2019-02-07,625,851.8571428571429,858.6363636363636
2019-02-08,963,830.7142857142857,863.1739130434783
2019-02-09,971,811.1428571428571,867.6666666666666
2019-02-10,978,802.7142857142857,872.08
2019-02-11,1020,803.2857142857143,877.7692307692307
2019-02-12,992,814.4285714285714,882.0
2019-02-13,992,934.4285714285714,885.9285714285714
2019-02-14,1017,990.4285714285714,890.448275862069
2019-02-15,1018,998.2857142857143,894.7
2019-02-16,1020,1005.2857142857143,921.3666666666667
2019-02-17,983,1006.0,943.5
2019-02-18,988,1001.4285714285714,966.9
2019-02-19,981,999.8571428571429,988.4
2019-02-20,812,974.1428571428571,981.2
2019-02-21,142,849.1428571428571,950.5666666666667
2019-02-22,103,718.4285714285714,918.5
2019-02-23,211,602.8571428571429,890.2333333333333
2019-02-24,167,486.2857142857143,859.2333333333333
2019-02-25,234,378.57142857142856,831.2
2019-02-26,181,264.2857142857143,802.0666666666667
2019-02-27,296,190.57142857142858,775.7
2019-02-28,971,309.0,772.0
2019-03-01,966,432.2857142857143,768.3333333333334
2019-03-02,975,541.4285714285714,764.8
2019-03-03,978,657.2857142857143,760.3666666666667
2019-03-04,998,766.4285714285714,756.7
2019-03-05,997,883.0,755.3666666666667
2019-03-06,973,979.7142857142857,753.9333333333333
2019-03-07,1000,983.8571428571429,756.8
2019-03-08,1009,990.0,785.3666666666667
2019-03-09,1012,995.2857142857143,798.2666666666667
2019-03-10,932,988.7142857142857,797.2333333333333
2019-03-11,175,871.1428571428571,770.7
2019-03-12,155,750.8571428571429,743.2666666666667
2019-03-13,264,649.5714285714286,718.0666666666667
2019-03-14,244,541.5714285714286,693.1333333333333
2019-03-15,159,420.14285714285717,665.3666666666667
2019-03-16,260,312.7142857142857,640.1333333333333
2019-03-17,245,214.57142857142858,614.3666666666667
2019-03-18,150,211.0,585.3666666666667
2019-03-19,46,195.42857142857142,554.1333333333333
2019-03-20,61,166.42857142857142,523.2333333333333
2019-03-21,94,145.0,493.6666666666667
2019-03-22,146,143.14285714285714,471.46666666666664
2019-03-23,210,136.0,473.73333333333335
2019-03-24,224,133.0,477.76666666666665
2019-03-25,197,139.71428571428572,477.3
2019-03-26,117,149.85714285714286,475.6333333333333
2019-03-27,242,175.71428571428572,475.9
2019-03-28,122,179.71428571428572,473.93333333333334
2019-03-29,127,177.0,468.3
2019-03-30,237,180.85714285714286,443.8333333333333
2019-03-31,210,178.85714285714286,418.6333333333333
2019-04-01,266,188.71428571428572,395.0
2019-04-02,198,200.28571428571428,369.0
2019-04-03,459,231.28571428571428,351.03333333333336
2019-04-04,866,337.57142857142856,346.6666666666667
2019-04-05,149,340.7142857142857,319.2
2019-04-06,216,337.7142857142857,293.06666666666666
2019-04-07,93,321.0,262.53333333333336
2019-04-08,123,300.57142857142856,232.9
2019-04-09,127,290.42857142857144,206.06666666666666
2019-04-10,197,253.0,206.8
2019-04-11,145,150.0,206.46666666666667
2019-04-12,238,162.71428571428572,205.6
2019-04-13,299,174.57142857142858,207.43333333333334
2019-04-14,227,193.71428571428572,209.7
2019-04-15,480,244.71428571428572,217.03333333333333
2019-04-16,452,291.14285714285717,223.93333333333334
2019-04-17,434,325.0,233.4
2019-04-18,606,390.85714285714283,252.06666666666666
2019-04-19,501,428.42857142857144,266.73333333333335
2019-04-20,442,448.85714285714283,278.3333333333333
2019-04-21,242,451.0,281.53333333333336
2019-04-22,336,430.42857142857144,285.73333333333335
2019-04-23,194,393.57142857142856,284.73333333333335
2019-04-24,123,349.14285714285717,282.26666666666665
2019-04-25,188,289.42857142857144,284.6333333333333
2019-04-26,422,278.14285714285717,290.6333333333333
2019-04-27,831,333.7142857142857,314.26666666666665
2019-04-28,626,388.57142857142856,330.9
2019-04-29,663,435.2857142857143,345.1
2019-04-30,215,438.2857142857143,345.26666666666665
2019-05-01,166,444.42857142857144,341.93333333333334
2019-05-02,244,452.42857142857144,343.46666666666664
2019-05-03,259,429.14285714285717,336.8
2019-05-04,265,348.2857142857143,316.76666666666665
2019-05-05,229,291.57142857142856,319.43333333333334
2019-05-06,632,287.14285714285717,333.3
2019-05-07,787,368.85714285714283,356.43333333333334
2019-05-08,839,465.0,380.3
2019-05-09,665,525.1428571428571,398.23333333333335
2019-05-10,305,531.7142857142857,401.8333333333333
2019-05-11,239,528.0,404.96666666666664
2019-05-12,280,535.2857142857143,406.3666666666667
2019-05-13,316,490.14285714285717,406.93333333333334
2019-05-14,253,413.85714285714283,407.8
2019-05-15,183,320.14285714285717,397.9
2019-05-16,171,249.57142857142858,388.53333333333336
2019-05-17,159,228.71428571428572,379.3666666666667
2019-05-18,111,210.42857142857142,362.8666666666667
2019-05-19,74,181.0,348.6333333333333
2019-05-20,291,177.42857142857142,343.6
2019-05-21,651,234.28571428571428,357.23333333333335
2019-05-22,570,289.57142857142856,365.03333333333336
2019-05-23,1069,417.85714285714283,394.2
2019-05-24,1082,549.7142857142857,426.1666666666667
2019-05-25,1064,685.8571428571429,455.3666666666667
2019-05-26,1070,828.1428571428571,476.96666666666664
2019-05-27,1056,937.4285714285714,484.46666666666664
2019-05-28,1064,996.4285714285714,499.06666666666666
2019-05-29,1071,1068.0,512.6666666666666
2019-05-30,1078,1069.2857142857142,541.4333333333333
2019-05-31,986,1055.5714285714287,568.7666666666667
2019-06-01,1080,1057.857142857143,596.6333333333333
2019-06-02,1100,1062.142857142857,624.6666666666666
2019-06-03,1089,1066.857142857143,652.1333333333333
2019-06-04,1091,1070.7142857142858,680.8666666666667
2019-06-05,1112,1076.5714285714287,696.8666666666667
2019-06-06,1124,1083.142857142857,708.1
2019-06-07,1023,1088.4285714285713,714.2333333333333
2019-06-08,1020,1079.857142857143,726.0666666666667
2019-06-09,1093,1078.857142857143,752.3333333333334
2019-06-10,1085,1078.2857142857142,780.5333333333333
2019-06-11,1079,1076.5714285714287,807.1666666666666
2019-06-12,1094,1074.0,833.1
2019-06-13,1068,1066.0,860.2666666666667
2019-06-14,1112,1078.7142857142858,891.2333333333333
2019-06-15,1108,1091.2857142857142,922.4666666666667
2019-06-16,1092,1091.142857142857,953.5666666666667
2019-06-17,1091,1092.0,986.2333333333333
2019-06-18,1069,1090.5714285714287,1019.4
2019-06-19,1135,1096.4285714285713,1047.5333333333333
2019-06-20,1101,1101.142857142857,1062.5333333333333
2019-06-21,1124,1102.857142857143,1081.0
2019-06-22,1102,1102.0,1082.1
2019-06-23,1094,1102.2857142857142,1082.5
2019-06-24,1079,1100.5714285714287,1083.0
2019-06-25,1075,1101.4285714285713,1083.1666666666667
2019-06-26,1020,1085.0,1081.9666666666667
2019-06-27,1027,1074.4285714285713,1080.7333333333333
2019-06-28,1072,1067.0,1080.7666666666667
2019-06-29,1086,1064.7142857142858,1081.0333333333333
2019-06-30,1105,1066.2857142857142,1085.0
2019-07-01,1100,1069.2857142857142,1085.6666666666667
2019-07-02,1082,1070.2857142857142,1085.0666666666666
2019-07-03,1102,1082.0,1085.5
2019-07-04,1129,1096.5714285714287,1086.7666666666667
2019-07-05,1102,1100.857142857143,1086.4333333333334
2019-07-06,1097,1102.4285714285713,1085.5333333333333
2019-07-07,1075,1098.142857142857,1087.2666666666667
2019-07-08,1099,1098.0,1089.9
2019-07-09,1102,1100.857142857143,1090.2
2019-07-10,1093,1099.5714285714287,1090.4666666666667
2019-07-11,1132,1100.0,1092.2333333333333
2019-07-12,1121,1102.7142857142858,1093.1333333333334
2019-07-13,1101,1103.2857142857142,1094.2333333333333
2019-07-14,1109,1108.142857142857,1094.1333333333334
2019-07-15,1125,1111.857142857143,1094.7
2019-07-16,1099,1111.4285714285713,1094.9333333333334
2019-07-17,1043,1104.2857142857142,1093.3333333333333
2019-07-18,1128,1103.7142857142858,1095.3
2019-07-19,1142,1106.7142857142858,1095.5333333333333
2019-07-20,1121,1109.5714285714287,1096.2
2019-07-21,1099,1108.142857142857,1095.3666666666666
2019-07-22,1122,1107.7142857142858,1096.0333333333333
2019-07-23,1112,1109.5714285714287,1096.6333333333334
2019-07-24,1130,1122.0,1098.3333333333333
2019-07-25,1148,1124.857142857143,1100.7666666666667
2019-07-26,1118,1121.4285714285713,1104.0333333333333
2019-07-27,1136,1123.5714285714287,1107.6666666666667
2019-07-28,1121,1126.7142857142858,1109.3
2019-07-29,1138,1129.0,1111.0333333333333
2019-07-30,1122,1130.4285714285713,1111.6
2019-07-31,1054,1119.5714285714287,1110.0666666666666
2019-08-01,1140,1118.4285714285713,1112.0
2019-08-02,1166,1125.2857142857142,1114.1333333333334
2019-08-03,959,1100.0,1108.4666666666667
2019-08-04,941,1074.2857142857142,1103.1
2019-08-05,852,1033.4285714285713,1094.9333333333334
2019-08-06,1075,1026.7142857142858,1094.9333333333334
2019-08-07,887,1002.8571428571429,1087.8666666666666
2019-08-08,469,907.0,1066.7666666666667
2019-08-09,1034,888.1428571428571,1064.8
2019-08-10,1043,900.1428571428571,1061.8333333333333
2019-08-11,1084,920.5714285714286,1060.6
2019-08-12,798,912.8571428571429,1050.5
2019-08-13,804,874.1428571428571,1040.3333333333333
2019-08-14,1029,894.4285714285714,1037.1333333333334
2019-08-15,1078,981.4285714285714,1036.4333333333334
2019-08-16,1114,992.8571428571429,1038.8
2019-08-17,1105,1001.7142857142857,1038.0333333333333
2019-08-18,1072,1000.0,1035.7
2019-08-19,1093,1042.142857142857,1034.7666666666667
2019-08-20,1104,1085.0,1034.9333333333334
2019-08-21,1082,1092.5714285714287,1033.6
2019-08-22,1089,1094.142857142857,1032.8333333333333
2019-08-23,1111,1093.7142857142858,1032.2
2019-08-24,1088,1091.2857142857142,1030.2
2019-08-25,1095,1094.5714285714287,1029.4333333333334
2019-08-26,1119,1098.2857142857142,1028.8666666666666
2019-08-27,988,1081.7142857142858,1024.4333333333334
2019-08-28,1098,1084.0,1023.1
2019-08-29,1116,1087.857142857143,1022.9
2019-08-30,1095,1085.5714285714287,1024.2666666666667
2019-08-31,1083,1084.857142857143,1022.3666666666667
2019-09-01,1048,1078.142857142857,1018.4333333333333
2019-09-02,1026,1064.857142857143,1020.6666666666666
2019-09-03,1047,1073.2857142857142,1024.2
2019-09-04,1001,1059.4285714285713,1029.1666666666667
2019-09-05,1025,1046.4285714285713,1027.5
2019-09-06,1062,1041.7142857142858,1033.3333333333333
2019-09-07,1010,1031.2857142857142,1051.3666666666666
2019-09-08,1020,1027.2857142857142,1050.9
2019-09-09,998,1023.2857142857143,1049.4
2019-09-10,1016,1018.8571428571429,1047.1333333333334
2019-09-11,1038,1024.142857142857,1055.1333333333334
2019-09-12,1081,1032.142857142857,1064.3666666666666
2019-09-13,1018,1025.857142857143,1064.0
2019-09-14,990,1023.0,1061.0666666666666
2019-09-15,1042,1026.142857142857,1058.6666666666667
2019-09-16,1043,1032.5714285714287,1056.6
2019-09-17,1009,1031.5714285714287,1054.5
2019-09-18,1034,1031.0,1052.5333333333333
2019-09-19,1044,1025.7142857142858,1050.5333333333333
2019-09-20,1066,1032.5714285714287,1050.0
2019-09-21,510,964.0,1030.7
2019-09-22,11,816.7142857142857,994.0333333333333
2019-09-23,1010,812.0,991.4333333333333
2019-09-24,1018,813.2857142857143,988.8666666666667
2019-09-25,1084,820.4285714285714,987.7
2019-09-26,1096,827.8571428571429,991.3
2019-09-27,1134,837.5714285714286,992.5
2019-09-28,1130,926.1428571428571,992.9666666666667
2019-09-29,1071,1077.5714285714287,992.1666666666666
2019-09-30,1094,1089.5714285714287,992.5333333333333
2019-10-01,1077,1098.0,993.5
2019-10-02,1056,1094.0,994.5
2019-10-03,1027,1084.142857142857,993.8333333333334
2019-10-04,1050,1072.142857142857,995.4666666666667
2019-10-05,1049,1060.5714285714287,996.2666666666667
2019-10-06,1060,1059.0,996.2
2019-10-07,1063,1054.5714285714287,997.9666666666667
2019-10-08,1068,1053.2857142857142,999.5666666666667
2019-10-09,1078,1056.4285714285713,1002.2333333333333
2019-10-10,1017,1055.0,1002.2666666666667
2019-10-11,960,1042.142857142857,999.6666666666666
2019-10-12,976,1031.7142857142858,996.1666666666666
2019-10-13,1039,1028.7142857142858,996.8666666666667
2019-10-14,1036,1024.857142857143,998.4
2019-10-15,1030,1019.4285714285714,998.0
2019-10-16,1026,1012.0,997.4333333333333
2019-10-17,1041,1015.4285714285714,998.5
2019-10-18,1099,1035.2857142857142,1000.6666666666666
2019-10-19,1095,1052.2857142857142,1002.3666666666667
2019-10-20,1055,1054.5714285714287,1002.0
2019-10-21,1012,1051.142857142857,1018.7333333333333
2019-10-22,1049,1053.857142857143,1053.3333333333333
2019-10-23,1039,1055.7142857142858,1054.3
2019-10-24,1024,1053.2857142857142,1054.5
2019-10-25,1076,1050.0,1054.2333333333333
2019-10-26,1092,1049.5714285714287,1054.1
2019-10-27,1092,1054.857142857143,1052.7
2019-10-28,1038,1058.5714285714287,1049.6333333333334
2019-10-29,1046,1058.142857142857,1048.8
2019-10-30,1069,1062.4285714285713,1047.9666666666667
2019-10-31,1064,1068.142857142857,1047.5333333333333
2019-11-01,1081,1068.857142857143,1048.3666666666666
2019-11-02,1059,1064.142857142857,1049.4333333333334
2019-11-03,1081,1062.5714285714287,1050.4666666666667
2019-11-04,1017,1059.5714285714287,1049.4
2019-11-05,1048,1059.857142857143,1049.0
2019-11-06,1027,1053.857142857143,1047.8
2019-11-07,1052,1052.142857142857,1047.2666666666667
2019-11-08,1044,1046.857142857143,1046.1333333333334
2019-11-09,1051,1045.7142857142858,1047.2666666666667
2019-11-10,1067,1043.7142857142858,1050.8333333333333
2019-11-11,1011,1042.857142857143,1052.0
2019-11-12,1007,1037.0,1050.9333333333334
2019-11-13,1018,1035.7142857142858,1050.3333333333333
2019-11-14,1035,1033.2857142857142,1050.5
2019-11-15,1084,1039.0,1052.4333333333334
2019-11-16,1043,1037.857142857143,1052.5
2019-11-17,1053,1035.857142857143,1050.9666666666667
2019-11-18,1023,1037.5714285714287,1048.5666666666666
2019-11-19,981,1033.857142857143,1046.1
2019-11-20,1021,1034.2857142857142,1046.4
2019-11-21,1018,1031.857142857143,1045.3666666666666
2019-11-22,1057,1028.0,1045.9666666666667
2019-11-23,1065,1031.142857142857,1047.3333333333333
2019-11-24,1029,1027.7142857142858,1045.7666666666667
2019-11-25,1026,1028.142857142857,1043.5666666666666
2019-11-26,997,1030.4285714285713,1040.4
2019-11-27,1019,1030.142857142857,1039.7666666666667
2019-11-28,1024,1031.0,1039.0333333333333
2019-11-29,1065,1032.142857142857,1038.9
2019-11-30,1042,1028.857142857143,1038.1666666666667
2019-12-01,1004,1025.2857142857142,1035.6
2019-12-02,966,1016.7142857142857,1032.5
2019-12-03,974,1013.4285714285714,1028.9333333333334
2019-12-04,1004,1011.2857142857143,1028.5
2019-12-05,1040,1013.5714285714286,1028.2333333333333
2019-12-06,1069,1014.1428571428571,1029.6333333333334
2019-12-07,1044,1014.4285714285714,1029.3666666666666
2019-12-08,1024,1017.2857142857143,1028.7
2019-12-09,1041,1028.0,1028.3666666666666
2019-12-10,1038,1037.142857142857,1027.4
2019-12-11,1012,1038.2857142857142,1027.4333333333334
2019-12-12,1044,1038.857142857143,1028.6666666666667
2019-12-13,1009,1030.2857142857142,1028.3666666666666
2019-12-15,951,1017.0,1025.5666666666666
2019-12-16,1049,1020.5714285714286,1024.4
2019-12-17,988,1013.0,1022.5666666666667
2019-12-18,993,1006.5714285714286,1020.5666666666667
2019-12-19,1099,1019.0,1023.1
2019-12-20,1146,1033.5714285714287,1028.6
2019-12-21,1073,1042.7142857142858,1030.3333333333333
2019-12-22,1012,1051.4285714285713,1030.1333333333334
2019-12-23,1083,1056.2857142857142,1031.0
2019-12-24,1080,1069.4285714285713,1031.5
2019-12-25,1064,1079.5714285714287,1032.6666666666667
2019-12-26,1010,1066.857142857143,1032.1333333333334
2019-12-27,1014,1048.0,1032.7
2019-12-28,1021,1040.5714285714287,1032.7666666666667
2019-12-29,1061,1047.5714285714287,1034.0
2019-12-30,1049,1042.7142857142858,1033.4666666666667
2019-12-31,1049,1038.2857142857142,1033.7
