Date,VIDP 2020,7day_rolling_VIDP 2020,30day_rolling_VIDP 2020
2020-01-01,1187,1187.0,1187.0
2020-01-02,1160,1173.5,1173.5
2020-01-03,1169,1172.0,1172.0
2020-01-04,1214,1182.5,1182.5
2020-01-05,1206,1187.2,1187.2
2020-01-06,1188,1187.3333333333333,1187.3333333333333
2020-01-07,1184,1186.857142857143,1186.857142857143
2020-01-08,1165,1183.7142857142858,1184.125
2020-01-09,1215,1191.5714285714287,1187.5555555555557
2020-01-10,1243,1202.142857142857,1193.1
2020-01-11,1092,1184.7142857142858,1183.909090909091
2020-01-12,1147,1176.2857142857142,1180.8333333333333
2020-01-13,1114,1165.7142857142858,1175.6923076923076
2020-01-14,1199,1167.857142857143,1177.357142857143
2020-01-15,1182,1170.2857142857142,1177.6666666666667
2020-01-16,1219,1170.857142857143,1180.25
2020-01-17,1225,1168.2857142857142,1182.8823529411766
2020-01-18,972,1151.142857142857,1171.1666666666667
2020-01-19,1107,1145.4285714285713,1167.7894736842106
2020-01-20,1087,1141.5714285714287,1163.75
2020-01-21,1072,1123.4285714285713,1159.3809523809523
2020-01-22,971,1093.2857142857142,1150.8181818181818
2020-01-23,1045,1068.4285714285713,1146.2173913043478
2020-01-24,881,1019.2857142857143,1135.1666666666667
2020-01-25,880,1006.1428571428571,1124.96
2020-01-26,1044,997.1428571428571,1121.8461538461538
2020-01-27,1177,1010.0,1123.888888888889
2020-01-28,1207,1029.2857142857142,1126.857142857143
2020-01-29,1145,1054.142857142857,1127.4827586206898
2020-01-30,1120,1064.857142857143,1127.2333333333333
2020-01-31,1111,1097.7142857142858,1124.7
2020-02-01,1144,1135.4285714285713,1124.1666666666667
2020-02-02,939,1120.4285714285713,1116.5
2020-02-03,1091,1108.142857142857,1112.4
2020-02-04,1188,1105.4285714285713,1111.8
2020-02-05,1236,1118.4285714285713,1113.4
2020-02-06,1154,1123.2857142857142,1112.4
2020-02-07,1202,1136.2857142857142,1113.6333333333334
2020-02-08,1184,1142.0,1112.6
2020-02-09,1227,1183.142857142857,1112.0666666666666
2020-02-10,1198,1198.4285714285713,1115.6
2020-02-11,1071,1181.7142857142858,1113.0666666666666
2020-02-12,1287,1189.0,1118.8333333333333
2020-02-13,1264,1204.7142857142858,1121.0
2020-02-14,1184,1202.142857142857,1121.0666666666666
2020-02-15,1113,1192.0,1117.5333333333333
2020-02-16,1134,1178.7142857142858,1114.5
2020-02-17,1109,1166.0,1119.0666666666666
2020-02-18,1137,1175.4285714285713,1120.0666666666666
2020-02-19,1228,1167.0,1124.7666666666667
2020-02-20,1237,1163.142857142857,1130.2666666666667
2020-02-21,1292,1178.5714285714287,1140.9666666666667
2020-02-22,1283,1202.857142857143,1148.9
2020-02-23,1178,1209.142857142857,1158.8
2020-02-24,1209,1223.4285714285713,1169.7666666666667
2020-02-25,1223,1235.7142857142858,1175.7333333333333
2020-02-26,1288,1244.2857142857142,1179.4333333333334
2020-02-27,1290,1251.857142857143,1182.2
2020-02-28,1304,1253.5714285714287,1187.5
2020-02-29,1260,1250.2857142857142,1192.1666666666667
2020-03-01,1285,1265.5714285714287,1197.9666666666667
2020-03-02,1251,1271.5714285714287,1201.5333333333333
2020-03-03,1249,1275.2857142857142,1211.8666666666666
2020-03-04,1286,1275.0,1218.3666666666666
2020-03-05,1258,1270.4285714285713,1220.7
2020-03-06,1294,1269.0,1222.6333333333334
2020-03-07,1293,1273.7142857142858,1227.2666666666667
2020-03-08,1201,1261.7142857142858,1227.2333333333333
2020-03-09,1205,1255.142857142857,1227.9333333333334
2020-03-10,1137,1239.142857142857,1224.9333333333334
2020-03-11,1166,1222.0,1223.8666666666666
2020-03-12,1269,1223.5714285714287,1230.4666666666667
2020-03-13,1236,1215.2857142857142,1228.7666666666667
2020-03-14,1267,1211.5714285714287,1228.8666666666666
2020-03-15,1079,1194.142857142857,1225.3666666666666
2020-03-16,1096,1178.5714285714287,1224.8
2020-03-17,1139,1178.857142857143,1224.9666666666667
2020-03-18,1079,1166.4285714285713,1223.9666666666667
2020-03-19,959,1122.142857142857,1218.0333333333333
2020-03-20,933,1078.857142857143,1208.2
2020-03-21,878,1023.2857142857143,1196.2333333333333
2020-03-22,531,945.0,1170.8666666666666
2020-03-23,503,860.2857142857143,1144.8666666666666
2020-03-24,462,763.5714285714286,1121.0
2020-03-25,37,614.7142857142857,1081.9333333333334
2020-03-26,30,482.0,1042.1666666666667
2020-03-27,32,353.2857142857143,1000.3
2020-03-28,29,232.0,958.2666666666667
2020-03-29,24,159.57142857142858,915.6
2020-03-30,13,89.57142857142857,874.0333333333333
2020-03-31,28,27.571428571428573,832.1333333333333
2020-04-01,36,27.428571428571427,791.6333333333333
2020-04-02,21,26.142857142857142,750.7
2020-04-03,31,26.0,708.8666666666667
2020-04-04,31,26.285714285714285,667.9666666666667
2020-04-05,29,27.0,625.8
2020-04-06,23,28.428571428571427,583.4666666666667
2020-04-07,29,28.571428571428573,544.4
2020-04-08,30,27.714285714285715,505.23333333333335
2020-04-09,47,31.428571428571427,468.9
2020-04-10,25,30.571428571428573,430.8666666666667
2020-04-11,26,29.857142857142858,389.43333333333334
2020-04-12,22,28.857142857142858,348.96666666666664
2020-04-13,16,27.857142857142858,307.26666666666665
2020-04-14,27,27.571428571428573,272.2
2020-04-15,34,28.142857142857142,236.8
2020-04-16,33,26.142857142857142,199.93333333333334
2020-04-17,28,26.571428571428573,164.9
2020-04-18,39,28.428571428571427,134.23333333333332
2020-04-19,32,29.857142857142858,104.2
2020-04-20,29,31.714285714285715,75.9
2020-04-21,42,33.857142857142854,59.6
2020-04-22,45,35.42857142857143,44.333333333333336
2020-04-23,42,36.714285714285715,30.333333333333332
2020-04-24,55,40.57142857142857,30.933333333333334
2020-04-25,45,41.42857142857143,31.433333333333334
2020-04-26,42,42.857142857142854,31.766666666666666
2020-04-27,30,43.0,31.8
2020-04-28,48,43.857142857142854,32.6
2020-04-29,49,44.42857142857143,33.8
2020-04-30,53,46.0,34.63333333333333
2020-05-01,34,43.0,34.56666666666667
2020-05-02,38,42.0,35.13333333333333
2020-05-03,38,41.42857142857143,35.36666666666667
2020-05-04,37,42.42857142857143,35.56666666666667
2020-05-05,44,41.857142857142854,36.06666666666667
2020-05-06,41,40.714285714285715,36.666666666666664
2020-05-07,51,40.42857142857143,37.4
2020-05-08,51,42.857142857142854,38.1
2020-05-09,52,44.857142857142854,38.266666666666666
2020-05-10,54,47.142857142857146,39.233333333333334
2020-05-11,48,48.714285714285715,39.96666666666667
2020-05-12,50,49.57142857142857,40.9
2020-05-13,71,53.857142857142854,42.733333333333334
2020-05-14,74,57.142857142857146,44.3
2020-05-15,56,57.857142857142854,45.03333333333333
2020-05-16,46,57.0,45.46666666666667
2020-05-17,66,58.714285714285715,46.733333333333334
2020-05-18,36,57.0,46.63333333333333
2020-05-19,76,60.714285714285715,48.1
2020-05-20,55,58.42857142857143,48.96666666666667
2020-05-21,81,59.42857142857143,50.266666666666666
2020-05-22,104,66.28571428571429,52.233333333333334
2020-05-23,85,71.85714285714286,53.666666666666664
2020-05-24,74,73.0,54.3
2020-05-25,276,107.28571428571429,62.0
2020-05-26,314,141.28571428571428,71.06666666666666
2020-05-27,331,180.71428571428572,81.1
2020-05-28,343,218.14285714285714,90.93333333333334
2020-05-29,336,251.28571428571428,100.5
2020-05-30,352,289.42857142857144,110.46666666666667
2020-05-31,320,324.57142857142856,120.0
2020-06-01,326,331.7142857142857,129.6
2020-06-02,313,331.57142857142856,138.76666666666668
2020-06-03,346,333.7142857142857,149.06666666666666
2020-06-04,362,336.42857142857144,159.66666666666666
2020-06-05,355,339.14285714285717,170.13333333333333
2020-06-06,348,338.57142857142856,180.03333333333333
2020-06-07,368,345.42857142857144,190.6
2020-06-08,330,346.0,199.86666666666667
2020-06-09,349,351.14285714285717,209.7
2020-06-10,371,354.7142857142857,220.46666666666667
2020-06-11,375,356.57142857142856,231.3
2020-06-12,384,360.7142857142857,241.73333333333332
2020-06-13,363,362.85714285714283,251.36666666666667
2020-06-14,373,363.57142857142856,261.93333333333334
2020-06-15,370,369.2857142857143,272.73333333333335
2020-06-16,381,373.85714285714283,283.23333333333335
2020-06-17,377,374.7142857142857,294.6
2020-06-18,425,381.85714285714283,306.23333333333335
2020-06-19,425,387.7142857142857,318.56666666666666
2020-06-20,426,396.7142857142857,330.06666666666666
2020-06-21,404,401.14285714285717,340.06666666666666
2020-06-22,411,407.0,350.93333333333334
2020-06-23,416,412.0,362.3333333333333
2020-06-24,390,413.85714285714283,366.1333333333333
2020-06-25,414,412.2857142857143,369.46666666666664
2020-06-26,371,404.57142857142856,370.8
2020-06-27,401,401.0,372.73333333333335
2020-06-28,372,396.42857142857144,373.93333333333334
2020-06-29,348,387.42857142857144,373.8
2020-06-30,380,382.2857142857143,375.8
2020-07-01,375,380.14285714285717,377.43333333333334
2020-07-02,364,373.0,379.1333333333333
2020-07-03,369,372.7142857142857,379.9
2020-07-04,375,369.0,380.3333333333333
2020-07-05,390,371.57142857142856,381.5
2020-07-06,315,366.85714285714283,380.4
2020-07-07,374,366.0,380.6
2020-07-08,369,365.14285714285717,381.9
2020-07-09,390,368.85714285714283,383.26666666666665
2020-07-10,407,374.2857142857143,384.46666666666664
2020-07-11,404,378.42857142857144,385.43333333333334
2020-07-12,394,379.0,385.76666666666665
2020-07-13,378,388.0,386.26666666666665
2020-07-14,396,391.14285714285717,387.03333333333336
2020-07-15,403,396.0,388.1333333333333
2020-07-16,404,398.0,388.9
2020-07-17,404,397.57142857142856,389.8
2020-07-18,437,402.2857142857143,390.2
2020-07-19,346,395.42857142857144,387.56666666666666
2020-07-20,394,397.7142857142857,386.5
2020-07-21,383,395.85714285714283,385.8
2020-07-22,415,397.57142857142856,385.93333333333334
2020-07-23,357,390.85714285714283,383.96666666666664
2020-07-24,428,394.2857142857143,385.23333333333335
2020-07-25,428,393.0,385.7
2020-07-26,423,404.0,387.43333333333334
2020-07-27,395,404.14285714285717,387.23333333333335
2020-07-28,404,407.14285714285717,388.3
2020-07-29,450,412.14285714285717,391.7
2020-07-30,392,417.14285714285717,392.1
2020-07-31,426,416.85714285714283,393.8
2020-08-01,407,413.85714285714283,395.23333333333335
2020-08-02,375,407.0,395.43333333333334
2020-08-03,360,402.0,394.93333333333334
2020-08-04,394,400.57142857142856,395.06666666666666
2020-08-05,407,394.42857142857144,398.1333333333333
2020-08-06,444,401.85714285714283,400.46666666666664
2020-08-07,444,404.42857142857144,402.96666666666664
2020-08-08,423,406.7142857142857,404.06666666666666
2020-08-09,454,418.0,405.6333333333333
2020-08-10,405,424.42857142857144,405.6666666666667
2020-08-11,434,430.14285714285717,407.0
2020-08-12,441,435.0,409.1
2020-08-13,435,433.7142857142857,410.4
2020-08-14,446,434.0,411.8333333333333
2020-08-15,241,408.0,406.4
2020-08-16,436,405.42857142857144,407.46666666666664
2020-08-17,424,408.14285714285717,407.03333333333336
2020-08-18,90,359.0,398.5
2020-08-19,404,353.7142857142857,398.8333333333333
2020-08-20,480,360.14285714285717,402.06666666666666
2020-08-21,494,367.0,404.7
2020-08-22,271,371.2857142857143,401.8333333333333
2020-08-23,483,378.0,403.6666666666667
2020-08-24,461,383.2857142857143,404.76666666666665
2020-08-25,509,443.14285714285717,407.6333333333333
2020-08-26,507,457.85714285714283,411.3666666666667
2020-08-27,506,461.57142857142856,414.76666666666665
2020-08-28,524,465.85714285714283,417.23333333333335
2020-08-29,491,497.2857142857143,420.53333333333336
2020-08-30,464,494.57142857142856,421.8
2020-08-31,484,497.85714285714283,424.3666666666667
2020-09-01,527,500.42857142857144,429.43333333333334
2020-09-02,498,499.14285714285717,434.03333333333336
2020-09-03,267,465.0,429.8
2020-09-14,5,390.85714285714283,416.4
2020-09-15,478,389.0,417.53333333333336
2020-09-16,588,406.7142857142857,422.3333333333333
2020-09-17,552,416.42857142857144,426.6333333333333
2020-09-18,623,430.14285714285717,432.26666666666665
2020-09-19,611,446.2857142857143,439.1333333333333
2020-09-20,561,488.2857142857143,443.3666666666667
2020-09-21,395,544.0,441.8333333333333
2020-09-22,556,555.1428571428571,445.8666666666667
2020-09-23,617,559.2857142857143,451.56666666666666
2020-09-24,621,569.1428571428571,464.23333333333335
2020-09-25,631,570.2857142857143,470.73333333333335
2020-09-26,528,558.4285714285714,474.2
2020-09-27,611,565.5714285714286,491.56666666666666
2020-09-28,604,595.4285714285714,498.23333333333335
2020-09-29,458,581.4285714285714,497.5
2020-09-30,617,581.4285714285714,501.6
2020-10-01,619,581.1428571428571,513.2
2020-10-02,624,580.1428571428571,517.9
2020-10-03,485,574.0,518.7
2020-10-04,560,566.7142857142857,520.4
2020-10-05,612,567.8571428571429,523.9
2020-10-06,585,586.0,526.5333333333333
2020-10-07,645,590.0,530.5666666666667
2020-10-08,635,592.2857142857143,535.3666666666667
2020-10-09,670,598.8571428571429,542.2333333333333
2020-10-10,648,622.1428571428571,547.7
2020-10-11,626,631.5714285714286,551.0
2020-10-12,650,637.0,556.0666666666667
2020-10-13,649,646.1428571428571,568.8
2020-10-14,686,652.0,591.5
2020-10-15,662,655.8571428571429,597.6333333333333
2020-10-16,724,663.5714285714286,602.1666666666666
2020-10-17,665,666.0,605.9333333333333
2020-10-18,640,668.0,606.5
2020-10-19,668,670.5714285714286,608.4
2020-10-20,593,662.5714285714286,609.4666666666667
2020-10-21,700,664.5714285714286,619.6333333333333
2020-10-22,682,667.4285714285714,623.8333333333334
2020-10-23,723,667.2857142857143,627.3666666666667
2020-10-24,323,618.4285714285714,617.4333333333333
2020-10-25,640,618.4285714285714,617.7333333333333
2020-10-26,705,623.7142857142857,623.6333333333333
2020-10-27,654,632.4285714285714,625.0666666666667
2020-10-28,83,544.2857142857143,607.7
2020-10-29,488,516.5714285714286,608.7
2020-10-30,747,520.0,613.0333333333333
2020-10-31,685,571.7142857142857,615.2333333333333
