Date,VIDP 2019,7day_rolling_VIDP 2019,30day_rolling_VIDP 2019
2019-01-01,1104,1104.0,1104.0
2019-01-02,1171,1137.5,1137.5
2019-01-03,1151,1142.0,1142.0
2019-01-04,1194,1155.0,1155.0
2019-01-05,1162,1156.4,1156.4
2019-01-06,1182,1160.6666666666667,1160.6666666666667
2019-01-07,1171,1162.142857142857,1162.142857142857
2019-01-08,1181,1173.142857142857,1164.5
2019-01-09,1184,1175.0,1166.6666666666667
2019-01-10,1208,1183.142857142857,1170.8
2019-01-11,1206,1184.857142857143,1174.0
2019-01-12,1196,1189.7142857142858,1175.8333333333333
2019-01-13,1184,1190.0,1176.4615384615386
2019-01-14,1183,1191.7142857142858,1176.9285714285713
2019-01-15,1181,1191.7142857142858,1177.2
2019-01-16,1205,1194.7142857142858,1178.9375
2019-01-17,1204,1194.142857142857,1180.4117647058824
2019-01-18,1054,1172.4285714285713,1173.388888888889
2019-01-19,1165,1168.0,1172.9473684210527
2019-01-20,1114,1158.0,1170.0
2019-01-21,1092,1145.0,1166.2857142857142
2019-01-22,710,1077.7142857142858,1145.5454545454545
2019-01-23,1118,1065.2857142857142,1144.3478260869565
2019-01-24,1122,1053.5714285714287,1143.4166666666667
2019-01-25,1221,1077.4285714285713,1146.52
2019-01-26,1093,1067.142857142857,1144.4615384615386
2019-01-27,1193,1078.4285714285713,1146.2592592592594
2019-01-28,1194,1093.0,1147.9642857142858
2019-01-29,1176,1159.5714285714287,1148.9310344827586
2019-01-30,1212,1173.0,1151.0333333333333
2019-01-31,1176,1180.7142857142858,1153.4333333333334
2019-02-01,1207,1178.7142857142858,1154.6333333333334
2019-02-02,1183,1191.5714285714287,1155.7
2019-02-03,1185,1190.4285714285713,1155.4
2019-02-04,1161,1185.7142857142858,1155.3666666666666
2019-02-05,1139,1180.4285714285713,1153.9333333333334
2019-02-06,1143,1170.5714285714287,1153.0
2019-02-07,1107,1160.7142857142858,1150.5333333333333
2019-02-08,1198,1159.4285714285713,1151.0
2019-02-09,1137,1152.857142857143,1148.6333333333334
2019-02-10,1159,1149.142857142857,1147.0666666666666
2019-02-11,1167,1150.0,1146.1
2019-02-12,1151,1151.7142857142858,1145.0
2019-02-13,1177,1156.5714285714287,1144.8
2019-02-14,1149,1162.5714285714287,1143.7333333333333
2019-02-15,1145,1155.0,1141.7333333333333
2019-02-16,1161,1158.4285714285713,1140.3
2019-02-17,1139,1155.5714285714287,1143.1333333333334
2019-02-18,1147,1152.7142857142858,1142.5333333333333
2019-02-19,1091,1144.142857142857,1141.7666666666667
2019-02-20,1129,1137.2857142857142,1143.0
2019-02-21,580,1056.0,1138.6666666666667
2019-02-22,1093,1048.5714285714287,1137.8333333333333
2019-02-23,732,987.2857142857143,1124.8333333333333
2019-02-24,1074,978.0,1119.9333333333334
2019-02-25,1041,962.8571428571429,1118.2
2019-02-26,1140,969.8571428571429,1116.4333333333334
2019-02-27,1063,960.4285714285714,1112.0666666666666
2019-02-28,995,1019.7142857142857,1106.0333333333333
2019-03-01,858,986.1428571428571,1094.2333333333333
2019-03-02,1069,1034.2857142857142,1090.6666666666667
2019-03-03,1033,1028.4285714285713,1084.8666666666666
2019-03-04,1092,1035.7142857142858,1081.8333333333333
2019-03-05,1100,1030.0,1079.0
2019-03-06,1112,1037.0,1077.3666666666666
2019-03-07,1103,1052.4285714285713,1076.1666666666667
2019-03-08,1072,1083.0,1073.8
2019-03-09,1087,1085.5714285714287,1073.1333333333334
2019-03-10,1102,1095.4285714285713,1069.9333333333334
2019-03-11,1101,1096.7142857142858,1068.7333333333333
2019-03-12,1071,1092.5714285714287,1065.8
2019-03-13,1106,1091.7142857142858,1063.7666666666667
2019-03-14,1099,1091.142857142857,1062.0333333333333
2019-03-15,1065,1090.142857142857,1058.3
2019-03-16,1075,1088.4285714285713,1055.8333333333333
2019-03-17,1072,1084.142857142857,1053.4
2019-03-18,1089,1082.4285714285713,1051.0
2019-03-19,1068,1082.0,1048.6333333333334
2019-03-20,1102,1081.4285714285713,1047.1333333333334
2019-03-21,1053,1074.857142857143,1045.8666666666666
2019-03-22,1069,1075.4285714285713,1043.8666666666666
2019-03-23,1021,1067.7142857142858,1058.5666666666666
2019-03-24,1032,1062.0,1056.5333333333333
2019-03-25,1059,1057.7142857142858,1067.4333333333334
2019-03-26,939,1039.2857142857142,1062.9333333333334
2019-03-27,1090,1037.5714285714287,1064.5666666666666
2019-03-28,1083,1041.857142857143,1062.6666666666667
2019-03-29,1087,1044.4285714285713,1063.4666666666667
2019-03-30,1045,1047.857142857143,1065.1333333333334
2019-03-31,982,1040.7142857142858,1069.2666666666667
2019-04-01,749,996.4285714285714,1058.6
2019-04-02,1068,1014.8571428571429,1059.7666666666667
2019-04-03,1104,1016.8571428571429,1060.1666666666667
2019-04-04,1097,1018.8571428571429,1060.0666666666666
2019-04-05,1095,1020.0,1059.5
2019-04-06,1063,1022.5714285714286,1058.1666666666667
2019-04-07,1070,1035.142857142857,1058.1
2019-04-08,1100,1085.2857142857142,1058.5333333333333
2019-04-09,1072,1085.857142857143,1057.5333333333333
2019-04-10,1107,1086.2857142857142,1057.7333333333333
2019-04-11,1087,1084.857142857143,1058.2666666666667
2019-04-12,1087,1083.7142857142858,1057.6333333333334
2019-04-13,1043,1080.857142857143,1055.7666666666667
2019-04-14,1064,1080.0,1055.7333333333333
2019-04-15,1077,1076.7142857142858,1055.8
2019-04-16,1046,1073.0,1054.9333333333334
2019-04-17,1090,1070.5714285714287,1054.9666666666667
2019-04-18,1054,1065.857142857143,1054.5
2019-04-19,1032,1058.0,1052.1666666666667
2019-04-20,1017,1054.2857142857142,1050.9666666666667
2019-04-21,1041,1051.0,1050.0333333333333
2019-04-22,1034,1044.857142857143,1050.4666666666667
2019-04-23,1017,1040.7142857142858,1049.9666666666667
2019-04-24,1041,1033.7142857142858,1049.3666666666666
2019-04-25,1028,1030.0,1052.3333333333333
2019-04-26,1045,1031.857142857143,1050.8333333333333
2019-04-27,1038,1034.857142857143,1049.3333333333333
2019-04-28,1049,1036.0,1048.0666666666666
2019-04-29,1042,1037.142857142857,1047.9666666666667
2019-04-30,922,1023.5714285714286,1045.9666666666667
2019-05-01,946,1010.0,1052.5333333333333
2019-05-02,1040,1011.7142857142857,1051.6
2019-05-03,1021,1008.2857142857143,1048.8333333333333
2019-05-04,1039,1008.4285714285714,1046.9
2019-05-05,1058,1009.7142857142857,1045.6666666666667
2019-05-06,1057,1011.8571428571429,1045.4666666666667
2019-05-07,1065,1032.2857142857142,1045.3
2019-05-08,1089,1052.7142857142858,1044.9333333333334
2019-05-09,1086,1059.2857142857142,1045.4
2019-05-10,1096,1070.0,1045.0333333333333
2019-05-11,1081,1076.0,1044.8333333333333
2019-05-12,1080,1079.142857142857,1044.6
2019-05-13,1085,1083.142857142857,1046.0
2019-05-14,1077,1084.857142857143,1046.4333333333334
2019-05-15,1130,1090.7142857142858,1048.2
2019-05-16,1109,1094.0,1050.3
2019-05-17,1081,1091.857142857143,1050.0
2019-05-18,1126,1098.2857142857142,1052.4
2019-05-19,1093,1100.142857142857,1054.4333333333334
2019-05-20,1108,1103.4285714285713,1057.4666666666667
2019-05-21,1100,1106.7142857142858,1059.4333333333334
2019-05-22,1113,1104.2857142857142,1062.0666666666666
2019-05-23,1124,1106.4285714285713,1065.6333333333334
2019-05-24,1106,1110.0,1067.8
2019-05-25,1097,1105.857142857143,1070.1
2019-05-26,1098,1106.5714285714287,1071.8666666666666
2019-05-27,1126,1109.142857142857,1074.8
2019-05-28,1116,1111.4285714285713,1077.0333333333333
2019-05-29,1135,1114.5714285714287,1080.1333333333334
2019-05-30,1118,1113.7142857142858,1086.6666666666667
2019-05-31,853,1077.5714285714287,1083.5666666666666
2019-06-01,415,980.1428571428571,1062.7333333333333
2019-06-02,1147,987.1428571428571,1066.9333333333334
2019-06-03,1126,987.1428571428571,1069.8333333333333
2019-06-04,1125,988.4285714285714,1072.0666666666666
2019-06-05,1137,988.7142857142857,1074.7333333333333
2019-06-06,1148,993.0,1077.5
2019-06-07,1066,1023.4285714285714,1076.7333333333333
2019-06-08,1080,1118.4285714285713,1076.5333333333333
2019-06-09,1132,1116.2857142857142,1077.7333333333333
2019-06-10,1129,1116.7142857142858,1079.3333333333333
2019-06-11,1120,1116.0,1080.6666666666667
2019-06-12,1148,1117.5714285714287,1082.7666666666667
2019-06-13,1143,1116.857142857143,1084.9666666666667
2019-06-14,1151,1129.0,1085.6666666666667
2019-06-15,1119,1134.5714285714287,1086.0
2019-06-16,1136,1135.142857142857,1087.8333333333333
2019-06-17,1160,1139.5714285714287,1088.9666666666667
2019-06-18,1132,1141.2857142857142,1090.2666666666667
2019-06-19,1152,1141.857142857143,1091.7333333333333
2019-06-20,1120,1138.5714285714287,1092.4
2019-06-21,1122,1134.4285714285713,1092.7
2019-06-22,1117,1134.142857142857,1092.4666666666667
2019-06-23,1120,1131.857142857143,1092.9333333333334
2019-06-24,1122,1126.4285714285713,1093.7666666666667
2019-06-25,1094,1121.0,1093.6333333333334
2019-06-26,1073,1109.7142857142858,1091.8666666666666
2019-06-27,1060,1101.142857142857,1090.0
2019-06-28,702,1041.142857142857,1075.5666666666666
2019-06-29,24,885.0,1039.1
2019-06-30,19,727.7142857142857,1011.3
2019-07-01,33,572.1428571428571,998.5666666666667
2019-07-02,222,447.57142857142856,967.7333333333333
2019-07-03,308,338.2857142857143,940.4666666666667
2019-07-04,269,225.28571428571428,911.9333333333333
2019-07-05,197,153.14285714285714,880.6
2019-07-06,1125,310.42857142857144,879.8333333333334
2019-07-07,1146,471.42857142857144,882.5
2019-07-08,1173,634.2857142857143,885.6
2019-07-09,1163,768.7142857142857,886.6333333333333
2019-07-10,1169,891.7142857142857,887.9666666666667
2019-07-11,1153,1018.0,889.0666666666667
2019-07-12,1186,1159.2857142857142,890.3333333333334
2019-07-13,1173,1166.142857142857,891.3333333333334
2019-07-14,1138,1165.0,890.9
2019-07-15,1168,1164.2857142857142,892.5333333333333
2019-07-16,1160,1163.857142857143,893.3333333333334
2019-07-17,1075,1150.4285714285713,890.5
2019-07-18,1174,1153.4285714285713,891.9
2019-07-19,1162,1150.0,892.2333333333333
2019-07-20,1158,1147.857142857143,893.5
2019-07-21,1181,1154.0,895.4666666666667
2019-07-22,1170,1154.2857142857142,897.2333333333333
2019-07-23,1141,1151.5714285714287,897.9333333333333
2019-07-24,1134,1160.0,898.3333333333334
2019-07-25,1145,1155.857142857143,900.0333333333333
2019-07-26,1175,1157.7142857142858,903.4333333333333
2019-07-27,1151,1156.7142857142858,906.4666666666667
2019-07-28,1117,1147.5714285714287,920.3
2019-07-29,1123,1140.857142857143,956.9333333333333
2019-07-30,1123,1138.2857142857142,993.7333333333333
2019-07-31,1137,1138.7142857142858,1030.5333333333333
2019-08-01,1149,1139.2857142857142,1061.4333333333334
2019-08-02,1131,1133.0,1088.8666666666666
2019-08-03,1095,1125.0,1116.4
2019-08-04,1150,1129.7142857142858,1148.1666666666667
2019-08-05,1176,1137.2857142857142,1149.8666666666666
2019-08-06,1160,1142.5714285714287,1150.3333333333333
2019-08-07,1190,1150.142857142857,1150.9
2019-08-08,1190,1156.0,1151.8
2019-08-09,1196,1165.2857142857142,1152.7
2019-08-10,1199,1180.142857142857,1154.2333333333333
2019-08-11,1163,1182.0,1153.4666666666667
2019-08-12,1168,1180.857142857143,1153.3
2019-08-13,1149,1179.2857142857142,1153.6666666666667
2019-08-14,1176,1177.2857142857142,1153.9333333333334
2019-08-15,934,1140.7142857142858,1146.4
2019-08-16,1204,1141.857142857143,1150.7
2019-08-17,1099,1127.5714285714287,1148.2
2019-08-18,1124,1122.0,1146.9333333333334
2019-08-19,1170,1122.2857142857142,1147.3333333333333
2019-08-20,1153,1122.857142857143,1146.4
2019-08-21,1125,1115.5714285714287,1144.9
2019-08-22,1074,1135.5714285714287,1142.6666666666667
2019-08-23,1118,1123.2857142857142,1142.1333333333334
2019-08-24,1148,1130.2857142857142,1142.2333333333333
2019-08-25,1149,1133.857142857143,1141.3666666666666
2019-08-26,1136,1129.0,1140.8666666666666
2019-08-27,1147,1128.142857142857,1141.8666666666666
2019-08-28,1131,1129.0,1142.1333333333334
2019-08-29,1162,1141.5714285714287,1143.4333333333334
2019-08-30,1152,1146.4285714285713,1143.9333333333334
2019-08-31,1108,1140.7142857142858,1142.5666666666666
2019-09-01,1077,1130.4285714285713,1140.7666666666667
2019-09-02,1129,1129.4285714285713,1141.9
2019-09-03,1103,1123.142857142857,1140.3333333333333
2019-09-04,1016,1106.7142857142858,1135.0
2019-09-05,866,1064.4285714285713,1125.2
2019-09-06,868,1023.8571428571429,1114.4666666666667
2019-09-07,1048,1015.2857142857143,1109.7333333333333
2019-09-08,1113,1020.4285714285714,1106.9666666666667
2019-09-09,1142,1022.2857142857143,1105.0666666666666
2019-09-10,989,1006.0,1099.2666666666667
2019-09-11,969,999.2857142857143,1092.6333333333334
2019-09-12,1153,1040.2857142857142,1092.7666666666667
2019-09-13,1161,1082.142857142857,1092.2666666666667
2019-09-14,1166,1099.0,1100.0
2019-09-15,1135,1102.142857142857,1097.7
2019-09-16,1163,1105.142857142857,1099.8333333333333
2019-09-17,1135,1126.0,1100.2
2019-09-18,1180,1156.142857142857,1100.5333333333333
2019-09-19,1190,1161.4285714285713,1101.7666666666667
2019-09-20,1144,1159.0,1102.4
2019-09-21,523,1067.142857142857,1084.0333333333333
2019-09-22,13,906.8571428571429,1047.2
2019-09-23,1180,909.2857142857143,1048.2666666666667
2019-09-24,1176,915.1428571428571,1049.1666666666667
2019-09-25,1162,912.5714285714286,1050.0333333333333
2019-09-26,950,878.2857142857143,1043.4666666666667
2019-09-27,1187,884.4285714285714,1045.3333333333333
2019-09-28,1149,973.8571428571429,1044.9
2019-09-29,616,1060.0,1027.0333333333333
2019-09-30,949,1027.0,1021.7333333333333
2019-10-01,1182,1027.857142857143,1025.2333333333333
2019-10-02,1193,1032.2857142857142,1027.3666666666666
2019-10-03,1130,1058.0,1028.2666666666667
2019-10-04,1189,1058.2857142857142,1034.0333333333333
2019-10-05,1175,1062.0,1044.3333333333333
2019-10-06,650,1066.857142857143,1037.0666666666666
2019-10-07,427,992.2857142857143,1016.3666666666667
2019-10-08,1152,988.0,1017.6666666666666
2019-10-09,1178,985.8571428571429,1018.8666666666667
2019-10-10,976,963.8571428571429,1018.4333333333333
2019-10-11,1107,952.1428571428571,1023.0333333333333
2019-10-12,1213,957.5714285714286,1025.0333333333333
2019-10-13,1183,1033.7142857142858,1025.7666666666667
2019-10-14,1237,1149.4285714285713,1028.1333333333334
2019-10-15,848,1106.0,1018.5666666666667
2019-10-16,689,1036.142857142857,1002.7666666666667
2019-10-17,851,1018.2857142857143,993.3
2019-10-18,1236,1036.7142857142858,995.1666666666666
2019-10-19,1242,1040.857142857143,996.9
2019-10-20,1233,1048.0,999.8666666666667
2019-10-21,1180,1039.857142857143,1021.7666666666667
2019-10-22,1170,1085.857142857143,1060.3333333333333
2019-10-23,1022,1133.4285714285713,1055.0666666666666
2019-10-24,1252,1190.7142857142858,1057.6
2019-10-25,1231,1190.0,1059.9
2019-10-26,1232,1188.5714285714287,1069.3
2019-10-27,1141,1175.4285714285713,1067.7666666666667
2019-10-28,1202,1178.5714285714287,1069.5333333333333
2019-10-29,1227,1186.7142857142858,1089.9
2019-10-30,1237,1217.4285714285713,1099.5
2019-10-31,1134,1200.5714285714287,1097.9
2019-11-01,1220,1199.0,1098.8
2019-11-02,1229,1198.5714285714287,1102.1
2019-11-03,1120,1195.5714285714287,1099.8
2019-11-04,1129,1185.142857142857,1098.2666666666667
2019-11-05,1205,1182.0,1116.7666666666667
2019-11-06,1251,1184.0,1144.2333333333333
2019-11-07,1155,1187.0,1144.3333333333333
2019-11-08,1176,1180.7142857142858,1144.2666666666667
2019-11-09,1210,1178.0,1152.0666666666666
2019-11-10,1228,1193.4285714285713,1156.1
2019-11-11,1218,1206.142857142857,1156.2666666666667
2019-11-12,1231,1209.857142857143,1157.8666666666666
2019-11-13,1260,1211.142857142857,1158.6333333333334
2019-11-14,1263,1226.5714285714287,1172.4666666666667
2019-11-15,1256,1238.0,1191.3666666666666
2019-11-16,1254,1244.2857142857142,1204.8
2019-11-17,1138,1231.4285714285713,1201.5333333333333
2019-11-18,1220,1231.7142857142858,1200.8
2019-11-19,1226,1231.0,1200.5666666666666
2019-11-20,798,1165.0,1187.8333333333333
2019-11-21,1247,1162.7142857142858,1190.4
2019-11-22,1285,1166.857142857143,1199.1666666666667
2019-11-23,1087,1143.0,1193.6666666666667
2019-11-24,1176,1148.4285714285713,1191.8333333333333
2019-11-25,804,1089.0,1177.5666666666666
2019-11-26,1239,1090.857142857143,1180.8333333333333
2019-11-27,1255,1156.142857142857,1182.6
2019-11-28,1262,1158.2857142857142,1183.7666666666667
2019-11-29,1257,1154.2857142857142,1184.4333333333334
2019-11-30,1215,1172.5714285714287,1187.1333333333334
2019-12-01,1204,1176.5714285714287,1186.6
2019-12-02,1179,1230.142857142857,1184.9333333333334
2019-12-03,1108,1211.4285714285713,1184.5333333333333
2019-12-04,1057,1183.142857142857,1182.1333333333334
2019-12-05,1300,1188.5714285714287,1185.3
2019-12-06,1293,1193.7142857142858,1186.7
2019-12-07,1256,1199.5714285714287,1190.0666666666666
2019-12-08,1246,1205.5714285714287,1192.4
2019-12-09,1232,1213.142857142857,1193.1333333333334
2019-12-10,1195,1225.5714285714287,1192.0333333333333
2019-12-11,1220,1248.857142857143,1192.1
2019-12-12,1221,1237.5714285714287,1191.7666666666667
2019-12-13,1220,1227.142857142857,1190.4333333333334
2019-12-15,692,1146.5714285714287,1171.4
2019-12-16,1210,1141.4285714285713,1169.8666666666666
2019-12-17,1096,1122.0,1164.6
2019-12-18,1061,1102.857142857143,1162.0333333333333
2019-12-19,1154,1093.4285714285713,1159.8333333333333
2019-12-20,1157,1084.2857142857142,1157.5333333333333
2019-12-21,1161,1075.857142857143,1169.6333333333334
2019-12-22,1194,1147.5714285714287,1167.8666666666666
2019-12-23,1234,1151.0,1166.1666666666667
2019-12-24,1223,1169.142857142857,1170.7
2019-12-25,1221,1192.0,1172.2
2019-12-26,1208,1199.7142857142858,1185.6666666666667
2019-12-27,976,1173.857142857143,1176.9
2019-12-28,1159,1173.5714285714287,1173.7
2019-12-29,1211,1176.0,1172.0
2019-12-30,1126,1160.5714285714287,1167.6333333333334
2019-12-31,1233,1162.0,1168.2333333333333
